# wavelength pathlength
4.500000000000000000e+02 2.293035129254825458e-02
4.510000000000000000e+02 6.447511370070546644e-02
4.520000000000000000e+02 1.045172494104466832e-01
4.530000000000000000e+02 1.431028853296616166e-01
4.540000000000000000e+02 1.802781483662400375e-01
4.550000000000000000e+02 2.160891654280716334e-01
4.560000000000000000e+02 2.505820634230463417e-01
4.570000000000000000e+02 2.838029692590535169e-01
4.580000000000000000e+02 3.157980098439831518e-01
4.590000000000000000e+02 3.466133120857249339e-01
4.600000000000000000e+02 3.762950028921687173e-01
4.610000000000000000e+02 4.048892091712039676e-01
4.620000000000000000e+02 4.324420578307206497e-01
4.630000000000000000e+02 4.589996757786083958e-01
4.640000000000000000e+02 4.846081899227566714e-01
4.650000000000000000e+02 5.093137271710558300e-01
4.660000000000000000e+02 5.331624144313951152e-01
4.670000000000000000e+02 5.562003786116646031e-01
4.680000000000000000e+02 5.784737466197533706e-01
4.690000000000000000e+02 6.000286453635519379e-01
4.700000000000000000e+02 6.209112017509497150e-01
4.710000000000000000e+02 6.411675426898363339e-01
4.720000000000000000e+02 6.608437950881016487e-01
4.730000000000000000e+02 6.799860858536354025e-01
4.740000000000000000e+02 6.986405418943272272e-01
4.750000000000000000e+02 7.168532901180666439e-01
4.760000000000000000e+02 7.346704574327441728e-01
4.770000000000000000e+02 7.521381707462486688e-01
4.780000000000000000e+02 7.693025569664704300e-01
4.790000000000000000e+02 7.862097430012989774e-01
4.800000000000000000e+02 8.029058557586237210e-01
4.810000000000000000e+02 8.194370221463348480e-01
4.820000000000000000e+02 8.358493690723223235e-01
4.830000000000000000e+02 8.521890234444753354e-01
4.840000000000000000e+02 8.685021121706837377e-01
4.850000000000000000e+02 8.848347621588372736e-01
4.860000000000000000e+02 9.012331003168260191e-01
4.870000000000000000e+02 9.177432535525389401e-01
4.880000000000000000e+02 9.344113487738665569e-01
4.890000000000000000e+02 9.512835128886982794e-01
4.900000000000000000e+02 9.684058728049236286e-01
4.910000000000000000e+02 9.857810504297398468e-01
4.920000000000000000e+02 1.003237647667571952e+00
4.930000000000000000e+02 1.020560761422152574e+00
4.940000000000000000e+02 1.037535488597213229e+00
4.950000000000000000e+02 1.053946926096486880e+00
4.960000000000000000e+02 1.069580170823705823e+00
4.970000000000000000e+02 1.084220319682602129e+00
4.980000000000000000e+02 1.097652469576908318e+00
4.990000000000000000e+02 1.109661717410356463e+00
5.000000000000000000e+02 1.120033160086679080e+00
5.010000000000000000e+02 1.128551894509608466e+00
5.020000000000000000e+02 1.135003017582877360e+00
5.030000000000000000e+02 1.139171626210216726e+00
5.040000000000000000e+02 1.140842817295360634e+00
5.050000000000000000e+02 1.139801687742039826e+00
5.060000000000000000e+02 1.135833334453987709e+00
5.070000000000000000e+02 1.128722854334936354e+00
5.080000000000000000e+02 1.118255344288617392e+00
5.090000000000000000e+02 1.104215901218764007e+00
5.100000000000000000e+02 1.086389622029108271e+00
5.110000000000000000e+02 1.064657005550682323e+00
5.120000000000000000e+02 1.039280158323719450e+00
5.130000000000000000e+02 1.010616588815753225e+00
5.140000000000000000e+02 9.790238054943154467e-01
5.150000000000000000e+02 9.448593168269402431e-01
5.160000000000000000e+02 9.084806312811608553e-01
5.170000000000000000e+02 8.702452573245095246e-01
5.180000000000000000e+02 8.305107034245199360e-01
5.190000000000000000e+02 7.896344780487251080e-01
5.200000000000000000e+02 7.479740896646581705e-01
5.210000000000000000e+02 7.058870467398521420e-01
5.220000000000000000e+02 6.637308577418403743e-01
5.230000000000000000e+02 6.218630311381556641e-01
5.240000000000000000e+02 5.806410753963313631e-01
5.250000000000000000e+02 5.404224989839001569e-01
5.260000000000000000e+02 5.015648103683956194e-01
5.270000000000000000e+02 4.644255180173508246e-01
5.280000000000000000e+02 4.293621303982984028e-01
5.290000000000000000e+02 3.967321559787721497e-01
5.300000000000000000e+02 3.668931032263046399e-01
5.310000000000000000e+02 3.401108482797934318e-01
5.320000000000000000e+02 3.162847379635921330e-01
5.330000000000000000e+02 2.952224867734187241e-01
5.340000000000000000e+02 2.767318092049910749e-01
5.350000000000000000e+02 2.606204197540271106e-01
5.360000000000000000e+02 2.466960329162448118e-01
5.370000000000000000e+02 2.347663631873619372e-01
5.380000000000000000e+02 2.246391250630965508e-01
5.390000000000000000e+02 2.161220330391664668e-01
5.400000000000000000e+02 2.090228016112896381e-01
5.410000000000000000e+02 2.031491452751840177e-01
5.420000000000000000e+02 1.983087785265674474e-01
5.430000000000000000e+02 1.943094158611578803e-01
5.440000000000000000e+02 1.909587717746732416e-01
5.450000000000000000e+02 1.880645607628313176e-01
5.460000000000000000e+02 1.854344973213502001e-01
5.470000000000000000e+02 1.828762959459477588e-01
5.480000000000000000e+02 1.801976711323417524e-01
5.490000000000000000e+02 1.772063373762503002e-01
5.500000000000000000e+02 1.737100091733912166e-01
5.510000000000000000e+02 1.695801624957052889e-01
5.520000000000000000e+02 1.649433192200250586e-01
5.530000000000000000e+02 1.599897626994058464e-01
5.540000000000000000e+02 1.549097762869028894e-01
5.550000000000000000e+02 1.498936433355717024e-01
5.560000000000000000e+02 1.451316471984676060e-01
5.570000000000000000e+02 1.408140712286458929e-01
5.580000000000000000e+02 1.371311987791619391e-01
5.590000000000000000e+02 1.342733132030711485e-01
5.600000000000000000e+02 1.324306978534288137e-01
5.610000000000000000e+02 1.317936360832903386e-01
5.620000000000000000e+02 1.325524112457110992e-01
5.630000000000000000e+02 1.348973066937463328e-01
5.640000000000000000e+02 1.390186057804515540e-01
5.650000000000000000e+02 1.451065918588819448e-01
5.660000000000000000e+02 1.533515482820930198e-01
5.670000000000000000e+02 1.639437584031400719e-01
5.680000000000000000e+02 1.770735055750783937e-01
5.690000000000000000e+02 1.929310731509634169e-01
5.700000000000000000e+02 2.117067444838504897e-01
5.710000000000000000e+02 2.335708281615536674e-01
5.720000000000000000e+02 2.586137337109219447e-01
5.730000000000000000e+02 2.869058958935630232e-01
5.740000000000000000e+02 3.185177494710843549e-01
5.750000000000000000e+02 3.535197292050938911e-01
5.760000000000000000e+02 3.919822698571993613e-01
5.770000000000000000e+02 4.339758061890080509e-01
5.780000000000000000e+02 4.795707729621280224e-01
5.790000000000000000e+02 5.288376049381666721e-01
5.800000000000000000e+02 5.818467368787318961e-01
5.810000000000000000e+02 6.386686035454314236e-01
5.820000000000000000e+02 6.993736396998728733e-01
5.830000000000000000e+02 7.640322801036635303e-01
5.840000000000000000e+02 8.327149595184117903e-01
5.850000000000000000e+02 9.054921127057244945e-01
5.860000000000000000e+02 9.824341744272100385e-01
5.870000000000000000e+02 1.063611579444476041e+00
5.880000000000000000e+02 1.149094762519129675e+00
5.890000000000000000e+02 1.238954158412779005e+00
5.900000000000000000e+02 1.333260201887031648e+00
5.910000000000000000e+02 1.432047874882145466e+00
5.920000000000000000e+02 1.535210348052979734e+00
5.930000000000000000e+02 1.642605339233044637e+00
5.940000000000000000e+02 1.754090566255847916e+00
5.950000000000000000e+02 1.869523746954900423e+00
5.960000000000000000e+02 1.988762599163712341e+00
5.970000000000000000e+02 2.111664840715790525e+00
5.980000000000000000e+02 2.238088189444647824e+00
5.990000000000000000e+02 2.367890363183790647e+00
6.000000000000000000e+02 2.500929079766730290e+00
6.010000000000000000e+02 2.637062057026975825e+00
6.020000000000000000e+02 2.776147012798037217e+00
6.030000000000000000e+02 2.918041664913423094e+00
6.040000000000000000e+02 3.062603731206642976e+00
6.050000000000000000e+02 3.209690929511206825e+00
6.060000000000000000e+02 3.359160977660623715e+00
6.070000000000000000e+02 3.510871593488404496e+00
6.080000000000000000e+02 3.664680494828056911e+00
6.090000000000000000e+02 3.820445399513091367e+00
6.100000000000000000e+02 3.978024025377016493e+00
6.110000000000000000e+02 4.137235281642707818e+00
6.120000000000000000e+02 4.297742843090499143e+00
6.130000000000000000e+02 4.459171575890088945e+00
6.140000000000000000e+02 4.621146346211174816e+00
6.150000000000000000e+02 4.783292020223457008e+00
6.160000000000000000e+02 4.945233464096634890e+00
6.170000000000000000e+02 5.106595544000405162e+00
6.180000000000000000e+02 5.267003126104468080e+00
6.190000000000000000e+02 5.426081076578523010e+00
6.200000000000000000e+02 5.583454261592266654e+00
6.210000000000000000e+02 5.738747547315399267e+00
6.220000000000000000e+02 5.891585799917621991e+00
6.230000000000000000e+02 6.041593885568627975e+00
6.240000000000000000e+02 6.188396670438121028e+00
6.250000000000000000e+02 6.331619020695796074e+00
6.260000000000000000e+02 6.470885802511355145e+00
6.270000000000000000e+02 6.605821882054497607e+00
6.280000000000000000e+02 6.736052125494918386e+00
6.290000000000000000e+02 6.861201399002318624e+00
6.300000000000000000e+02 6.980894568746396800e+00
6.310000000000000000e+02 7.094861888964200780e+00
6.320000000000000000e+02 7.203255166162173317e+00
6.330000000000000000e+02 7.306331594914104777e+00
6.340000000000000000e+02 7.404348369793785523e+00
6.350000000000000000e+02 7.497562685375007696e+00
6.360000000000000000e+02 7.586231736231566103e+00
6.370000000000000000e+02 7.670612716937243114e+00
6.380000000000000000e+02 7.750962822065837088e+00
6.390000000000000000e+02 7.827539246191135724e+00
6.400000000000000000e+02 7.900599183886932941e+00
6.410000000000000000e+02 7.970399829727017327e+00
6.420000000000000000e+02 8.037198378285182798e+00
6.430000000000000000e+02 8.101252024135215279e+00
6.440000000000000000e+02 8.162817961850912241e+00
6.450000000000000000e+02 8.222153386006059606e+00
6.460000000000000000e+02 8.279515491174452180e+00
6.470000000000000000e+02 8.335161471929881216e+00
6.480000000000000000e+02 8.389348522846132639e+00
6.490000000000000000e+02 8.442333838497004805e+00
6.500000000000000000e+02 8.494374613456283640e+00
6.510000000000000000e+02 8.545718380520979096e+00
6.520000000000000000e+02 8.596574025380967043e+00
6.530000000000000000e+02 8.647140771949347382e+00
6.540000000000000000e+02 8.697617844139204024e+00
6.550000000000000000e+02 8.748204465863635093e+00
6.560000000000000000e+02 8.799099861035740489e+00
6.570000000000000000e+02 8.850503253568604123e+00
6.580000000000000000e+02 8.902613867375327672e+00
6.590000000000000000e+02 8.955630926368998601e+00
6.600000000000000000e+02 9.009753654462716810e+00
6.610000000000000000e+02 9.065181275569575092e+00
6.620000000000000000e+02 9.122113013602668019e+00
6.630000000000000000e+02 9.180748092475081279e+00
6.640000000000000000e+02 9.241285736099918324e+00
6.650000000000000000e+02 9.303925168390270173e+00
6.660000000000000000e+02 9.368865613259229619e+00
6.670000000000000000e+02 9.436306294619894786e+00
6.680000000000000000e+02 9.506446436385351362e+00
6.690000000000000000e+02 9.579485262468699247e+00
6.700000000000000000e+02 9.655621996783033012e+00
6.710000000000000000e+02 9.734970239270936077e+00
6.720000000000000000e+02 9.817301093992968575e+00
6.730000000000000000e+02 9.902300041039175937e+00
6.740000000000000000e+02 9.989652560499605372e+00
6.750000000000000000e+02 1.007904413246430941e+01
6.760000000000000000e+02 1.017016023702333705e+01
6.770000000000000000e+02 1.026268635426673193e+01
6.780000000000000000e+02 1.035630796428455014e+01
6.790000000000000000e+02 1.045071054716683356e+01
6.800000000000000000e+02 1.054557958300363651e+01
6.810000000000000000e+02 1.064060055188500087e+01
6.820000000000000000e+02 1.073545893390098449e+01
6.830000000000000000e+02 1.082984020914162926e+01
6.840000000000000000e+02 1.092342985769698771e+01
6.850000000000000000e+02 1.101591335965710172e+01
6.860000000000000000e+02 1.110697619511202916e+01
6.870000000000000000e+02 1.119630384415181545e+01
6.880000000000000000e+02 1.128358178686650604e+01
6.890000000000000000e+02 1.136849550334615344e+01
6.900000000000000000e+02 1.145073047368080665e+01
6.910000000000000000e+02 1.153003409675841340e+01
6.920000000000000000e+02 1.160640144665853768e+01
6.930000000000000000e+02 1.167988951625863159e+01
6.940000000000000000e+02 1.175055529843615609e+01
6.950000000000000000e+02 1.181845578606857572e+01
6.960000000000000000e+02 1.188364797203335321e+01
6.970000000000000000e+02 1.194618884920793889e+01
6.980000000000000000e+02 1.200613541046979726e+01
6.990000000000000000e+02 1.206354464869638754e+01
7.000000000000000000e+02 1.211847355676517246e+01
7.010000000000000000e+02 1.217097912755360767e+01
7.020000000000000000e+02 1.222111835393915591e+01
7.030000000000000000e+02 1.226894822879927816e+01
7.040000000000000000e+02 1.231452574501143182e+01
7.050000000000000000e+02 1.235790789545307433e+01
7.060000000000000000e+02 1.239915167300167198e+01
7.070000000000000000e+02 1.243831407053468396e+01
7.080000000000000000e+02 1.247545208092956592e+01
7.090000000000000000e+02 1.251062269706377883e+01
7.100000000000000000e+02 1.254388291181478365e+01
7.110000000000000000e+02 1.257526659375555589e+01
7.120000000000000000e+02 1.260471511424112911e+01
7.130000000000000000e+02 1.263214672032205144e+01
7.140000000000000000e+02 1.265747965904887096e+01
7.150000000000000000e+02 1.268063217747213756e+01
7.160000000000000000e+02 1.270152252264240467e+01
7.170000000000000000e+02 1.272006894161021329e+01
7.180000000000000000e+02 1.273618968142612040e+01
7.190000000000000000e+02 1.274980298914066346e+01
7.200000000000000000e+02 1.276082711180440299e+01
7.210000000000000000e+02 1.276918029646788355e+01
7.220000000000000000e+02 1.277478079018165324e+01
7.230000000000000000e+02 1.277754683999626373e+01
7.240000000000000000e+02 1.277739669296226133e+01
7.250000000000000000e+02 1.277424859613019059e+01
7.260000000000000000e+02 1.276802079655061029e+01
7.270000000000000000e+02 1.275863154127406673e+01
7.280000000000000000e+02 1.274599907735110271e+01
7.290000000000000000e+02 1.273004165183226988e+01
7.300000000000000000e+02 1.271067751176811989e+01
7.310000000000000000e+02 1.268789464928385158e+01
7.320000000000000000e+02 1.266196003680328452e+01
7.330000000000000000e+02 1.263321039182487660e+01
7.340000000000000000e+02 1.260198243184709455e+01
7.350000000000000000e+02 1.256861287436840513e+01
7.360000000000000000e+02 1.253343843688727866e+01
7.370000000000000000e+02 1.249679583690217122e+01
7.380000000000000000e+02 1.245902179191155490e+01
7.390000000000000000e+02 1.242045301941389290e+01
7.400000000000000000e+02 1.238142623690765376e+01
7.410000000000000000e+02 1.234227816189129889e+01
7.420000000000000000e+02 1.230334551186330039e+01
7.430000000000000000e+02 1.226496500432211434e+01
7.440000000000000000e+02 1.222747335676621994e+01
7.450000000000000000e+02 1.219120728669406617e+01
7.460000000000000000e+02 1.215650351160413223e+01
7.470000000000000000e+02 1.212369874899487954e+01
7.480000000000000000e+02 1.209312971636476952e+01
7.490000000000000000e+02 1.206513313121227426e+01
7.500000000000000000e+02 1.204004571103585519e+01
7.510000000000000000e+02 1.201812998142600719e+01
7.520000000000000000e+02 1.199935170034132881e+01
7.530000000000000000e+02 1.198360243383244850e+01
7.540000000000000000e+02 1.197077374794998939e+01
7.550000000000000000e+02 1.196075720874457993e+01
7.560000000000000000e+02 1.195344438226684858e+01
7.570000000000000000e+02 1.194872683456741846e+01
7.580000000000000000e+02 1.194649613169691982e+01
7.590000000000000000e+02 1.194664383970597399e+01
7.600000000000000000e+02 1.194906152464521476e+01
7.610000000000000000e+02 1.195364075256526704e+01
7.620000000000000000e+02 1.196027308951675394e+01
7.630000000000000000e+02 1.196885010155030038e+01
7.640000000000000000e+02 1.197926335471654014e+01
7.650000000000000000e+02 1.199140441506609278e+01
7.660000000000000000e+02 1.200516484864959210e+01
7.670000000000000000e+02 1.202043622151766122e+01
7.680000000000000000e+02 1.203711009972092327e+01
7.690000000000000000e+02 1.205507804931000848e+01
7.700000000000000000e+02 1.207423163633554530e+01
7.710000000000000000e+02 1.209445142921831895e+01
7.720000000000000000e+02 1.211557400585975941e+01
7.730000000000000000e+02 1.213742494653145521e+01
7.740000000000000000e+02 1.215982983150499486e+01
7.750000000000000000e+02 1.218261424105197221e+01
7.760000000000000000e+02 1.220560375544397758e+01
7.770000000000000000e+02 1.222862395495259769e+01
7.780000000000000000e+02 1.225150041984942284e+01
7.790000000000000000e+02 1.227405873040604156e+01
7.800000000000000000e+02 1.229612446689404948e+01
7.810000000000000000e+02 1.231752320958503155e+01
7.820000000000000000e+02 1.233808053875058164e+01
7.830000000000000000e+02 1.235762203466228115e+01
7.840000000000000000e+02 1.237597327759173105e+01
7.850000000000000000e+02 1.239295984781051274e+01
7.860000000000000000e+02 1.240840732559022186e+01
7.870000000000000000e+02 1.242214129120245047e+01
7.880000000000000000e+02 1.243398732491877645e+01
7.890000000000000000e+02 1.244377100701080252e+01
7.900000000000000000e+02 1.245131791775011010e+01
7.910000000000000000e+02 1.245650064249492139e+01
7.920000000000000000e+02 1.245937978694995074e+01
7.930000000000000000e+02 1.246006296190653906e+01
7.940000000000000000e+02 1.245865777815603082e+01
7.950000000000000000e+02 1.245527184648977048e+01
7.960000000000000000e+02 1.245001277769910075e+01
7.970000000000000000e+02 1.244298818257536077e+01
7.980000000000000000e+02 1.243430567190989677e+01
7.990000000000000000e+02 1.242407285649405146e+01
8.000000000000000000e+02 1.241239734711916753e+01
8.010000000000000000e+02 1.239938675457658768e+01
8.020000000000000000e+02 1.238514868965765459e+01
8.030000000000000000e+02 1.236979076315370918e+01
8.040000000000000000e+02 1.235342058585610125e+01
8.050000000000000000e+02 1.233614576855616285e+01
8.060000000000000000e+02 1.231807392204524731e+01
8.070000000000000000e+02 1.229931265711469734e+01
8.080000000000000000e+02 1.227996958455584320e+01
8.090000000000000000e+02 1.226015231516004000e+01
8.100000000000000000e+02 1.223996845971862868e+01
8.110000000000000000e+02 1.221951382545669240e+01
8.120000000000000000e+02 1.219883700533429582e+01
8.130000000000000000e+02 1.217797478874524586e+01
8.140000000000000000e+02 1.215696396508334054e+01
8.150000000000000000e+02 1.213584132374239566e+01
8.160000000000000000e+02 1.211464365411621280e+01
8.170000000000000000e+02 1.209340774559859533e+01
8.180000000000000000e+02 1.207217038758335370e+01
8.190000000000000000e+02 1.205096836946428773e+01
8.200000000000000000e+02 1.202983848063521144e+01
8.210000000000000000e+02 1.200881751048992108e+01
8.220000000000000000e+02 1.198794224842223066e+01
8.230000000000000000e+02 1.196724948382594000e+01
8.240000000000000000e+02 1.194677600609485779e+01
8.250000000000000000e+02 1.192655860462278739e+01
8.260000000000000000e+02 1.190663406880353747e+01
8.270000000000000000e+02 1.188703918803091497e+01
8.280000000000000000e+02 1.186781075169871968e+01
8.290000000000000000e+02 1.184898554920076208e+01
8.300000000000000000e+02 1.183060036993084552e+01
8.310000000000000000e+02 1.181268820287654719e+01
8.320000000000000000e+02 1.179526683540050946e+01
8.330000000000000000e+02 1.177835025445914674e+01
8.340000000000000000e+02 1.176195244700887166e+01
8.350000000000000000e+02 1.174608740000609686e+01
8.360000000000000000e+02 1.173076910040724030e+01
8.370000000000000000e+02 1.171601153516870930e+01
8.380000000000000000e+02 1.170182869124692004e+01
8.390000000000000000e+02 1.168823455559828517e+01
8.400000000000000000e+02 1.167524311517922264e+01
8.410000000000000000e+02 1.166286835694613799e+01
8.420000000000000000e+02 1.165112426785545274e+01
8.430000000000000000e+02 1.164002483486357242e+01
8.440000000000000000e+02 1.162958404492691677e+01
8.450000000000000000e+02 1.161981588500189488e+01
8.460000000000000000e+02 1.161073434204492116e+01
8.470000000000000000e+02 1.160235340301241358e+01
8.480000000000000000e+02 1.159468705486077766e+01
8.490000000000000000e+02 1.158774928454643138e+01
8.500000000000000000e+02 1.158155407902579270e+01
8.510000000000000000e+02 1.157610277576960733e+01
8.520000000000000000e+02 1.157134611430601012e+01
8.530000000000000000e+02 1.156722218467747254e+01
8.540000000000000000e+02 1.156366907692645540e+01
8.550000000000000000e+02 1.156062488109544262e+01
8.560000000000000000e+02 1.155802768722690210e+01
8.570000000000000000e+02 1.155581558536329467e+01
8.580000000000000000e+02 1.155392666554710246e+01
8.590000000000000000e+02 1.155229901782078628e+01
8.600000000000000000e+02 1.155087073222682470e+01
8.610000000000000000e+02 1.154957989880768388e+01
8.620000000000000000e+02 1.154836460760584060e+01
8.630000000000000000e+02 1.154716294866375392e+01
8.640000000000000000e+02 1.154591301202390774e+01
8.650000000000000000e+02 1.154455288772875932e+01
8.660000000000000000e+02 1.154302066582079078e+01
8.670000000000000000e+02 1.154125443634247006e+01
8.680000000000000000e+02 1.153919228933626329e+01
8.690000000000000000e+02 1.153677231484464372e+01
8.700000000000000000e+02 1.153393260291008282e+01
8.710000000000000000e+02 1.153063029678327389e+01
8.720000000000000000e+02 1.152689875254781349e+01
8.730000000000000000e+02 1.152279037949551821e+01
8.740000000000000000e+02 1.151835758691819933e+01
8.750000000000000000e+02 1.151365278410768411e+01
8.760000000000000000e+02 1.150872838035578560e+01
8.770000000000000000e+02 1.150363678495431863e+01
8.780000000000000000e+02 1.149843040719510689e+01
8.790000000000000000e+02 1.149316165636995990e+01
8.800000000000000000e+02 1.148788294177070490e+01
8.810000000000000000e+02 1.148264667268915495e+01
8.820000000000000000e+02 1.147750525841712843e+01
8.830000000000000000e+02 1.147251110824644016e+01
8.840000000000000000e+02 1.146771663146891385e+01
8.850000000000000000e+02 1.146317423737635544e+01
8.860000000000000000e+02 1.145893633526059574e+01
8.870000000000000000e+02 1.145505533441344781e+01
8.880000000000000000e+02 1.145158364412672647e+01
8.890000000000000000e+02 1.144857367369225187e+01
8.900000000000000000e+02 1.144607783240184418e+01
8.910000000000000000e+02 1.144412654051451383e+01
8.920000000000000000e+02 1.144266226215806981e+01
8.930000000000000000e+02 1.144160547242752735e+01
8.940000000000000000e+02 1.144087664641787683e+01
8.950000000000000000e+02 1.144039625922414061e+01
8.960000000000000000e+02 1.144008478594132150e+01
8.970000000000000000e+02 1.143986270166441521e+01
8.980000000000000000e+02 1.143965048148844232e+01
8.990000000000000000e+02 1.143936860050839854e+01
9.000000000000000000e+02 1.143893753381929912e+01
9.010000000000000000e+02 1.143827775651614864e+01
9.020000000000000000e+02 1.143730974369394815e+01
9.030000000000000000e+02 1.143595397044770934e+01
9.040000000000000000e+02 1.143413091187244035e+01
9.050000000000000000e+02 1.143176104306313690e+01
9.060000000000000000e+02 1.142876483911481955e+01
9.070000000000000000e+02 1.142506277512248936e+01
9.080000000000000000e+02 1.142057532618114912e+01
9.090000000000000000e+02 1.141522296738580877e+01
9.100000000000000000e+02 1.140892617383147645e+01
9.110000000000000000e+02 1.140160037358788614e+01
9.120000000000000000e+02 1.139314080662370010e+01
9.130000000000000000e+02 1.138343766588230288e+01
9.140000000000000000e+02 1.137238114430708791e+01
9.150000000000000000e+02 1.135986143484144328e+01
9.160000000000000000e+02 1.134576873042876421e+01
9.170000000000000000e+02 1.132999322401242992e+01
9.180000000000000000e+02 1.131242510853583738e+01
9.190000000000000000e+02 1.129295457694237115e+01
9.200000000000000000e+02 1.127147182217542820e+01
9.210000000000000000e+02 1.124786703717839131e+01
9.220000000000000000e+02 1.122203041489465569e+01
9.230000000000000000e+02 1.119385214826760411e+01
9.240000000000000000e+02 1.116322243024062999e+01
9.250000000000000000e+02 1.113003145375712322e+01
9.260000000000000000e+02 1.109416941176047189e+01
9.270000000000000000e+02 1.105552649719407121e+01
9.280000000000000000e+02 1.101399290300130041e+01
9.290000000000000000e+02 1.096945882212555645e+01
9.300000000000000000e+02 1.092181444751022745e+01
9.310000000000000000e+02 1.087100397714081979e+01
9.320000000000000000e+02 1.081718762917129872e+01
9.330000000000000000e+02 1.076057962679774960e+01
9.340000000000000000e+02 1.070139419321625596e+01
9.350000000000000000e+02 1.063984555162290491e+01
9.360000000000000000e+02 1.057614792521377822e+01
9.370000000000000000e+02 1.051051553718495590e+01
9.380000000000000000e+02 1.044316261073252861e+01
9.390000000000000000e+02 1.037430336905257455e+01
9.400000000000000000e+02 1.030415203534118085e+01
9.410000000000000000e+02 1.023292283279443460e+01
9.420000000000000000e+02 1.016082998460841225e+01
9.430000000000000000e+02 1.008808771397920268e+01
9.440000000000000000e+02 1.001491024410288944e+01
9.450000000000000000e+02 9.941511798175550751e+00
9.460000000000000000e+02 9.868106599393280831e+00
9.470000000000000000e+02 9.794908870952157898e+00
9.480000000000000000e+02 9.722132836048261950e+00
9.490000000000000000e+02 9.649992717877685422e+00
9.500000000000000000e+02 9.578702739636504759e+00
9.510000000000000000e+02 9.508480198035556441e+00
9.520000000000000000e+02 9.439554683844633587e+00
9.530000000000000000e+02 9.372158861348289349e+00
9.540000000000000000e+02 9.306525394831066222e+00
9.550000000000000000e+02 9.242886948577513806e+00
9.560000000000000000e+02 9.181476186872178147e+00
9.570000000000000000e+02 9.122525773999603516e+00
9.580000000000000000e+02 9.066268374244337735e+00
9.590000000000000000e+02 9.012936651890928630e+00
9.600000000000000000e+02 8.962763271223922246e+00
9.610000000000000000e+02 8.915980896527866406e+00
9.620000000000000000e+02 8.872822192087303605e+00
9.630000000000000000e+02 8.833519822186785220e+00
9.640000000000000000e+02 8.798306451110853743e+00
9.650000000000000000e+02 8.767414743144056999e+00
9.660000000000000000e+02 8.741077362570944587e+00
9.670000000000000000e+02 8.719526973676060777e+00
9.680000000000000000e+02 8.702996240743949841e+00
9.690000000000000000e+02 8.691717828059161377e+00
9.700000000000000000e+02 8.685924399906244986e+00
9.710000000000000000e+02 8.685772592158222949e+00
9.720000000000000000e+02 8.691114927042081106e+00
9.730000000000000000e+02 8.701727898373274428e+00
9.740000000000000000e+02 8.717387999967256107e+00
9.750000000000000000e+02 8.737871725639498877e+00
9.760000000000000000e+02 8.762955569205448825e+00
9.770000000000000000e+02 8.792416024480573356e+00
9.780000000000000000e+02 8.826029585280332768e+00
9.790000000000000000e+02 8.863572745420182031e+00
9.800000000000000000e+02 8.904821998715586773e+00
9.810000000000000000e+02 8.949553838982000187e+00
9.820000000000000000e+02 8.997544760034887901e+00
9.830000000000000000e+02 9.048571255689706661e+00
9.840000000000000000e+02 9.102409819761916765e+00
9.850000000000000000e+02 9.158836946066978513e+00
9.860000000000000000e+02 9.217629128420346873e+00
9.870000000000000000e+02 9.278562860637487475e+00
9.880000000000000000e+02 9.341414636533858840e+00
9.890000000000000000e+02 9.405960949924917713e+00
9.900000000000000000e+02 9.471978294626129724e+00
9.910000000000000000e+02 9.539243164452948065e+00
9.920000000000000000e+02 9.607532053220836588e+00
9.930000000000000000e+02 9.676621454745252038e+00
9.940000000000000000e+02 9.746287862841654714e+00
9.950000000000000000e+02 9.816307771325504916e+00
9.960000000000000000e+02 9.886457674012264718e+00
9.970000000000000000e+02 9.956514064717392642e+00
9.980000000000000000e+02 1.002625343725634721e+01
9.990000000000000000e+02 1.009545228544458517e+01
