# wavelength pathlength
4.500000000000000000e+02 5.893995481153462002e-02
4.510000000000000000e+02 8.598331132157518986e-02
4.520000000000000000e+02 1.130266678316157736e-01
4.530000000000000000e+02 1.400700243416563295e-01
4.540000000000000000e+02 1.671133808516969133e-01
4.550000000000000000e+02 1.941567373617374970e-01
4.560000000000000000e+02 2.212000938717780807e-01
4.570000000000000000e+02 2.482434503818186644e-01
4.580000000000000000e+02 2.752868068918592481e-01
4.590000000000000000e+02 3.023301634018998318e-01
4.600000000000000000e+02 3.293735199119404156e-01
4.610000000000000000e+02 3.564168764219809993e-01
4.620000000000000000e+02 3.834602329320215275e-01
4.630000000000000000e+02 4.105035894420621112e-01
4.640000000000000000e+02 4.375469459521026949e-01
4.650000000000000000e+02 4.645903024621432786e-01
4.660000000000000000e+02 4.916336589721838624e-01
4.670000000000000000e+02 5.186770154822244461e-01
4.680000000000000000e+02 5.457203719922649743e-01
4.690000000000000000e+02 5.727637285023055025e-01
4.700000000000000000e+02 5.998070850123461417e-01
4.710000000000000000e+02 6.268504415223866699e-01
4.720000000000000000e+02 6.538937980324273092e-01
4.730000000000000000e+02 6.809371545424678374e-01
4.740000000000000000e+02 7.079805110525083656e-01
4.750000000000000000e+02 7.350238675625490048e-01
4.760000000000000000e+02 7.477799536846471140e-01
4.770000000000000000e+02 7.605360398067451122e-01
4.780000000000000000e+02 7.732921259288432214e-01
4.790000000000000000e+02 7.860482120509413306e-01
4.800000000000000000e+02 7.988042981730394398e-01
4.810000000000000000e+02 8.115603842951374380e-01
4.820000000000000000e+02 8.243164704172355473e-01
4.830000000000000000e+02 8.370725565393336565e-01
4.840000000000000000e+02 8.498286426614316547e-01
4.850000000000000000e+02 8.625847287835297639e-01
4.860000000000000000e+02 8.753408149056278731e-01
4.870000000000000000e+02 8.880969010277259823e-01
4.880000000000000000e+02 9.008529871498239805e-01
4.890000000000000000e+02 9.136090732719220897e-01
4.900000000000000000e+02 9.263651593940201989e-01
4.910000000000000000e+02 9.391212455161181971e-01
4.920000000000000000e+02 9.518773316382163063e-01
4.930000000000000000e+02 9.646334177603144155e-01
4.940000000000000000e+02 9.773895038824125248e-01
4.950000000000000000e+02 9.901455900045106340e-01
4.960000000000000000e+02 1.002901676126608521e+00
4.970000000000000000e+02 1.015657762248706852e+00
4.980000000000000000e+02 1.028413848370804740e+00
4.990000000000000000e+02 1.041169934492902849e+00
5.000000000000000000e+02 1.053926020615000958e+00
5.010000000000000000e+02 1.038442466240542705e+00
5.020000000000000000e+02 1.022958911866084231e+00
5.030000000000000000e+02 1.007475357491625978e+00
5.040000000000000000e+02 9.919918031171675032e-01
5.050000000000000000e+02 9.765082487427091396e-01
5.060000000000000000e+02 9.610246943682507759e-01
5.070000000000000000e+02 9.455411399937924122e-01
5.080000000000000000e+02 9.300575856193340485e-01
5.090000000000000000e+02 9.145740312448757958e-01
5.100000000000000000e+02 8.990904768704173211e-01
5.110000000000000000e+02 8.836069224959590684e-01
5.120000000000000000e+02 8.681233681215005937e-01
5.130000000000000000e+02 8.526398137470423411e-01
5.140000000000000000e+02 8.371562593725839774e-01
5.150000000000000000e+02 8.216727049981256137e-01
5.160000000000000000e+02 8.061891506236672500e-01
5.170000000000000000e+02 7.907055962492088863e-01
5.180000000000000000e+02 7.752220418747505226e-01
5.190000000000000000e+02 7.597384875002921589e-01
5.200000000000000000e+02 7.442549331258337952e-01
5.210000000000000000e+02 7.287713787513754315e-01
5.220000000000000000e+02 7.132878243769170679e-01
5.230000000000000000e+02 6.978042700024587042e-01
5.240000000000000000e+02 6.823207156280003405e-01
5.250000000000000000e+02 6.668371612535419768e-01
5.260000000000000000e+02 6.471126735646863803e-01
5.270000000000000000e+02 6.273881858758307839e-01
5.280000000000000000e+02 6.076636981869752985e-01
5.290000000000000000e+02 5.879392104981197020e-01
5.300000000000000000e+02 5.682147228092641056e-01
5.310000000000000000e+02 5.484902351204085091e-01
5.320000000000000000e+02 5.287657474315529127e-01
5.330000000000000000e+02 5.090412597426974273e-01
5.340000000000000000e+02 4.893167720538418308e-01
5.350000000000000000e+02 4.695922843649862344e-01
5.360000000000000000e+02 4.498677966761306379e-01
5.370000000000000000e+02 4.301433089872750415e-01
5.380000000000000000e+02 4.104188212984195006e-01
5.390000000000000000e+02 3.906943336095639041e-01
5.400000000000000000e+02 3.709698459207083632e-01
5.410000000000000000e+02 3.512453582318527667e-01
5.420000000000000000e+02 3.315208705429971703e-01
5.430000000000000000e+02 3.117963828541416293e-01
5.440000000000000000e+02 2.920718951652860329e-01
5.450000000000000000e+02 2.723474074764304920e-01
5.460000000000000000e+02 2.526229197875748955e-01
5.470000000000000000e+02 2.328984320987192991e-01
5.480000000000000000e+02 2.131739444098637581e-01
5.490000000000000000e+02 1.934494567210081617e-01
5.500000000000000000e+02 1.737249690321525653e-01
5.510000000000000000e+02 1.707097662285249617e-01
5.520000000000000000e+02 1.676945634248973860e-01
5.530000000000000000e+02 1.646793606212697825e-01
5.540000000000000000e+02 1.616641578176421790e-01
5.550000000000000000e+02 1.586489550140146032e-01
5.560000000000000000e+02 1.556337522103869997e-01
5.570000000000000000e+02 1.526185494067593962e-01
5.580000000000000000e+02 1.496033466031318204e-01
5.590000000000000000e+02 1.465881437995042169e-01
5.600000000000000000e+02 1.435729409958766412e-01
5.610000000000000000e+02 1.405577381922490376e-01
5.620000000000000000e+02 1.375425353886214341e-01
5.630000000000000000e+02 1.345273325849938584e-01
5.640000000000000000e+02 1.315121297813662549e-01
5.650000000000000000e+02 1.284969269777386791e-01
5.660000000000000000e+02 1.254817241741110756e-01
5.670000000000000000e+02 1.224665213704834721e-01
5.680000000000000000e+02 1.194513185668558825e-01
5.690000000000000000e+02 1.164361157632282928e-01
5.700000000000000000e+02 1.134209129596006893e-01
5.710000000000000000e+02 1.104057101559730997e-01
5.720000000000000000e+02 1.073905073523455100e-01
5.730000000000000000e+02 1.043753045487179204e-01
5.740000000000000000e+02 1.013601017450903169e-01
5.750000000000000000e+02 9.834489894146272726e-02
5.760000000000000000e+02 2.006937956510790322e-01
5.770000000000000000e+02 3.030426923606953649e-01
5.780000000000000000e+02 4.053915890703115865e-01
5.790000000000000000e+02 5.077404857799279192e-01
5.800000000000000000e+02 6.100893824895442519e-01
5.810000000000000000e+02 7.124382791991604735e-01
5.820000000000000000e+02 8.147871759087768062e-01
5.830000000000000000e+02 9.171360726183931389e-01
5.840000000000000000e+02 1.019484969328009472e+00
5.850000000000000000e+02 1.121833866037625915e+00
5.860000000000000000e+02 1.224182762747242137e+00
5.870000000000000000e+02 1.326531659456858359e+00
5.880000000000000000e+02 1.428880556166474802e+00
5.890000000000000000e+02 1.531229452876091024e+00
5.900000000000000000e+02 1.633578349585707468e+00
5.910000000000000000e+02 1.735927246295323689e+00
5.920000000000000000e+02 1.838276143004939911e+00
5.930000000000000000e+02 1.940625039714556355e+00
5.940000000000000000e+02 2.042973936424172354e+00
5.950000000000000000e+02 2.145322833133788798e+00
5.960000000000000000e+02 2.247671729843404798e+00
5.970000000000000000e+02 2.350020626553021241e+00
5.980000000000000000e+02 2.452369523262637685e+00
5.990000000000000000e+02 2.554718419972253685e+00
6.000000000000000000e+02 2.657067316681870128e+00
6.010000000000000000e+02 2.804149233950671949e+00
6.020000000000000000e+02 2.951231151219473769e+00
6.030000000000000000e+02 3.098313068488275590e+00
6.040000000000000000e+02 3.245394985757077411e+00
6.050000000000000000e+02 3.392476903025879231e+00
6.060000000000000000e+02 3.539558820294680608e+00
6.070000000000000000e+02 3.686640737563482872e+00
6.080000000000000000e+02 3.833722654832284249e+00
6.090000000000000000e+02 3.980804572101086514e+00
6.100000000000000000e+02 4.127886489369887890e+00
6.110000000000000000e+02 4.274968406638690155e+00
6.120000000000000000e+02 4.422050323907491531e+00
6.130000000000000000e+02 4.569132241176292908e+00
6.140000000000000000e+02 4.716214158445095173e+00
6.150000000000000000e+02 4.863296075713897437e+00
6.160000000000000000e+02 5.010377992982698814e+00
6.170000000000000000e+02 5.157459910251500190e+00
6.180000000000000000e+02 5.304541827520302455e+00
6.190000000000000000e+02 5.451623744789104720e+00
6.200000000000000000e+02 5.598705662057906096e+00
6.210000000000000000e+02 5.745787579326707473e+00
6.220000000000000000e+02 5.892869496595509737e+00
6.230000000000000000e+02 6.039951413864312002e+00
6.240000000000000000e+02 6.187033331133113379e+00
6.250000000000000000e+02 6.334115248401914755e+00
6.260000000000000000e+02 6.420526723354107901e+00
6.270000000000000000e+02 6.506938198306300158e+00
6.280000000000000000e+02 6.593349673258493304e+00
6.290000000000000000e+02 6.679761148210685562e+00
6.300000000000000000e+02 6.766172623162878708e+00
6.310000000000000000e+02 6.852584098115070965e+00
6.320000000000000000e+02 6.938995573067264111e+00
6.330000000000000000e+02 7.025407048019456369e+00
6.340000000000000000e+02 7.111818522971649514e+00
6.350000000000000000e+02 7.198229997923841772e+00
6.360000000000000000e+02 7.284641472876034918e+00
6.370000000000000000e+02 7.371052947828227175e+00
6.380000000000000000e+02 7.457464422780420321e+00
6.390000000000000000e+02 7.543875897732612579e+00
6.400000000000000000e+02 7.630287372684805725e+00
6.410000000000000000e+02 7.716698847636997982e+00
6.420000000000000000e+02 7.803110322589191128e+00
6.430000000000000000e+02 7.889521797541383386e+00
6.440000000000000000e+02 7.975933272493576531e+00
6.450000000000000000e+02 8.062344747445768789e+00
6.460000000000000000e+02 8.148756222397961935e+00
6.470000000000000000e+02 8.235167697350155080e+00
6.480000000000000000e+02 8.321579172302346450e+00
6.490000000000000000e+02 8.407990647254539596e+00
6.500000000000000000e+02 8.494402122206732741e+00
6.510000000000000000e+02 8.558429514648640435e+00
6.520000000000000000e+02 8.622456907090546352e+00
6.530000000000000000e+02 8.686484299532454045e+00
6.540000000000000000e+02 8.750511691974359962e+00
6.550000000000000000e+02 8.814539084416267656e+00
6.560000000000000000e+02 8.878566476858173573e+00
6.570000000000000000e+02 8.942593869300081266e+00
6.580000000000000000e+02 9.006621261741987183e+00
6.590000000000000000e+02 9.070648654183894877e+00
6.600000000000000000e+02 9.134676046625800794e+00
6.610000000000000000e+02 9.198703439067708487e+00
6.620000000000000000e+02 9.262730831509614404e+00
6.630000000000000000e+02 9.326758223951522098e+00
6.640000000000000000e+02 9.390785616393428015e+00
6.650000000000000000e+02 9.454813008835335708e+00
6.660000000000000000e+02 9.518840401277241625e+00
6.670000000000000000e+02 9.582867793719149319e+00
6.680000000000000000e+02 9.646895186161055236e+00
6.690000000000000000e+02 9.710922578602962929e+00
6.700000000000000000e+02 9.774949971044868846e+00
6.710000000000000000e+02 9.838977363486776540e+00
6.720000000000000000e+02 9.903004755928684233e+00
6.730000000000000000e+02 9.967032148370590150e+00
6.740000000000000000e+02 1.003105954081249607e+01
6.750000000000000000e+02 1.009508693325440376e+01
6.760000000000000000e+02 1.017894405121851342e+01
6.770000000000000000e+02 1.026280116918262308e+01
6.780000000000000000e+02 1.034665828714673452e+01
6.790000000000000000e+02 1.043051540511084418e+01
6.800000000000000000e+02 1.051437252307495385e+01
6.810000000000000000e+02 1.059822964103906351e+01
6.820000000000000000e+02 1.068208675900317495e+01
6.830000000000000000e+02 1.076594387696728461e+01
6.840000000000000000e+02 1.084980099493139427e+01
6.850000000000000000e+02 1.093365811289550393e+01
6.860000000000000000e+02 1.101751523085961537e+01
6.870000000000000000e+02 1.110137234882372503e+01
6.880000000000000000e+02 1.118522946678783470e+01
6.890000000000000000e+02 1.126908658475194436e+01
6.900000000000000000e+02 1.135294370271605580e+01
6.910000000000000000e+02 1.143680082068016546e+01
6.920000000000000000e+02 1.152065793864427512e+01
6.930000000000000000e+02 1.160451505660838478e+01
6.940000000000000000e+02 1.168837217457249622e+01
6.950000000000000000e+02 1.177222929253660588e+01
6.960000000000000000e+02 1.185608641050071554e+01
6.970000000000000000e+02 1.193994352846482521e+01
6.980000000000000000e+02 1.202380064642893664e+01
6.990000000000000000e+02 1.210765776439304631e+01
7.000000000000000000e+02 1.219151488235715597e+01
7.010000000000000000e+02 1.220614658510602979e+01
7.020000000000000000e+02 1.222077828785490361e+01
7.030000000000000000e+02 1.223540999060377743e+01
7.040000000000000000e+02 1.225004169335265125e+01
7.050000000000000000e+02 1.226467339610152507e+01
7.060000000000000000e+02 1.227930509885039889e+01
7.070000000000000000e+02 1.229393680159927094e+01
7.080000000000000000e+02 1.230856850434814476e+01
7.090000000000000000e+02 1.232320020709701858e+01
7.100000000000000000e+02 1.233783190984589240e+01
7.110000000000000000e+02 1.235246361259476622e+01
7.120000000000000000e+02 1.236709531534364004e+01
7.130000000000000000e+02 1.238172701809251386e+01
7.140000000000000000e+02 1.239635872084138768e+01
7.150000000000000000e+02 1.241099042359026150e+01
7.160000000000000000e+02 1.242562212633913532e+01
7.170000000000000000e+02 1.244025382908800914e+01
7.180000000000000000e+02 1.245488553183688296e+01
7.190000000000000000e+02 1.246951723458575501e+01
7.200000000000000000e+02 1.248414893733462883e+01
7.210000000000000000e+02 1.249878064008350265e+01
7.220000000000000000e+02 1.251341234283237647e+01
7.230000000000000000e+02 1.252804404558125029e+01
7.240000000000000000e+02 1.254267574833012411e+01
7.250000000000000000e+02 1.255730745107899793e+01
7.260000000000000000e+02 1.253674224031065698e+01
7.270000000000000000e+02 1.251617702954231781e+01
7.280000000000000000e+02 1.249561181877397686e+01
7.290000000000000000e+02 1.247504660800563592e+01
7.300000000000000000e+02 1.245448139723729497e+01
7.310000000000000000e+02 1.243391618646895580e+01
7.320000000000000000e+02 1.241335097570061485e+01
7.330000000000000000e+02 1.239278576493227391e+01
7.340000000000000000e+02 1.237222055416393474e+01
7.350000000000000000e+02 1.235165534339559379e+01
7.360000000000000000e+02 1.233109013262725284e+01
7.370000000000000000e+02 1.231052492185891190e+01
7.380000000000000000e+02 1.228995971109057272e+01
7.390000000000000000e+02 1.226939450032223178e+01
7.400000000000000000e+02 1.224882928955389083e+01
7.410000000000000000e+02 1.222826407878554988e+01
7.420000000000000000e+02 1.220769886801721071e+01
7.430000000000000000e+02 1.218713365724886977e+01
7.440000000000000000e+02 1.216656844648052882e+01
7.450000000000000000e+02 1.214600323571218965e+01
7.460000000000000000e+02 1.212543802494384870e+01
7.470000000000000000e+02 1.210487281417550776e+01
7.480000000000000000e+02 1.208430760340716681e+01
7.490000000000000000e+02 1.206374239263882764e+01
7.500000000000000000e+02 1.204317718187048669e+01
7.510000000000000000e+02 1.205044162214038650e+01
7.520000000000000000e+02 1.205770606241028453e+01
7.530000000000000000e+02 1.206497050268018434e+01
7.540000000000000000e+02 1.207223494295008415e+01
7.550000000000000000e+02 1.207949938321998395e+01
7.560000000000000000e+02 1.208676382348988199e+01
7.570000000000000000e+02 1.209402826375978179e+01
7.580000000000000000e+02 1.210129270402968160e+01
7.590000000000000000e+02 1.210855714429957963e+01
7.600000000000000000e+02 1.211582158456947944e+01
7.610000000000000000e+02 1.212308602483937925e+01
7.620000000000000000e+02 1.213035046510927906e+01
7.630000000000000000e+02 1.213761490537917709e+01
7.640000000000000000e+02 1.214487934564907690e+01
7.650000000000000000e+02 1.215214378591897670e+01
7.660000000000000000e+02 1.215940822618887651e+01
7.670000000000000000e+02 1.216667266645877454e+01
7.680000000000000000e+02 1.217393710672867435e+01
7.690000000000000000e+02 1.218120154699857416e+01
7.700000000000000000e+02 1.218846598726847219e+01
7.710000000000000000e+02 1.219573042753837200e+01
7.720000000000000000e+02 1.220299486780827181e+01
7.730000000000000000e+02 1.221025930807817161e+01
7.740000000000000000e+02 1.221752374834806965e+01
7.750000000000000000e+02 1.222478818861796945e+01
7.760000000000000000e+02 1.223552594976375651e+01
7.770000000000000000e+02 1.224626371090954180e+01
7.780000000000000000e+02 1.225700147205532886e+01
7.790000000000000000e+02 1.226773923320111415e+01
7.800000000000000000e+02 1.227847699434690121e+01
7.810000000000000000e+02 1.228921475549268827e+01
7.820000000000000000e+02 1.229995251663847355e+01
7.830000000000000000e+02 1.231069027778426062e+01
7.840000000000000000e+02 1.232142803893004590e+01
7.850000000000000000e+02 1.233216580007583296e+01
7.860000000000000000e+02 1.234290356122162002e+01
7.870000000000000000e+02 1.235364132236740531e+01
7.880000000000000000e+02 1.236437908351319237e+01
7.890000000000000000e+02 1.237511684465897766e+01
7.900000000000000000e+02 1.238585460580476472e+01
7.910000000000000000e+02 1.239659236695055178e+01
7.920000000000000000e+02 1.240733012809633706e+01
7.930000000000000000e+02 1.241806788924212412e+01
7.940000000000000000e+02 1.242880565038790941e+01
7.950000000000000000e+02 1.243954341153369647e+01
7.960000000000000000e+02 1.245028117267948353e+01
7.970000000000000000e+02 1.246101893382526882e+01
7.980000000000000000e+02 1.247175669497105588e+01
7.990000000000000000e+02 1.248249445611684116e+01
8.000000000000000000e+02 1.249323221726262823e+01
8.010000000000000000e+02 1.247371954262838756e+01
8.020000000000000000e+02 1.245420686799414511e+01
8.030000000000000000e+02 1.243469419335990445e+01
8.040000000000000000e+02 1.241518151872566200e+01
8.050000000000000000e+02 1.239566884409142133e+01
8.060000000000000000e+02 1.237615616945718067e+01
8.070000000000000000e+02 1.235664349482293822e+01
8.080000000000000000e+02 1.233713082018869756e+01
8.090000000000000000e+02 1.231761814555445511e+01
8.100000000000000000e+02 1.229810547092021444e+01
8.110000000000000000e+02 1.227859279628597378e+01
8.120000000000000000e+02 1.225908012165173133e+01
8.130000000000000000e+02 1.223956744701749066e+01
8.140000000000000000e+02 1.222005477238324822e+01
8.150000000000000000e+02 1.220054209774900755e+01
8.160000000000000000e+02 1.218102942311476689e+01
8.170000000000000000e+02 1.216151674848052444e+01
8.180000000000000000e+02 1.214200407384628377e+01
8.190000000000000000e+02 1.212249139921204133e+01
8.200000000000000000e+02 1.210297872457780066e+01
8.210000000000000000e+02 1.208346604994355999e+01
8.220000000000000000e+02 1.206395337530931755e+01
8.230000000000000000e+02 1.204444070067507688e+01
8.240000000000000000e+02 1.202492802604083444e+01
8.250000000000000000e+02 1.200541535140659377e+01
8.260000000000000000e+02 1.198837907601195241e+01
8.270000000000000000e+02 1.197134280061731104e+01
8.280000000000000000e+02 1.195430652522266790e+01
8.290000000000000000e+02 1.193727024982802654e+01
8.300000000000000000e+02 1.192023397443338517e+01
8.310000000000000000e+02 1.190319769903874381e+01
8.320000000000000000e+02 1.188616142364410244e+01
8.330000000000000000e+02 1.186912514824945930e+01
8.340000000000000000e+02 1.185208887285481794e+01
8.350000000000000000e+02 1.183505259746017657e+01
8.360000000000000000e+02 1.181801632206553521e+01
8.370000000000000000e+02 1.180098004667089384e+01
8.380000000000000000e+02 1.178394377127625070e+01
8.390000000000000000e+02 1.176690749588160934e+01
8.400000000000000000e+02 1.174987122048696797e+01
8.410000000000000000e+02 1.173283494509232661e+01
8.420000000000000000e+02 1.171579866969768524e+01
8.430000000000000000e+02 1.169876239430304210e+01
8.440000000000000000e+02 1.168172611890840074e+01
8.450000000000000000e+02 1.166468984351375937e+01
8.460000000000000000e+02 1.164765356811911801e+01
8.470000000000000000e+02 1.163061729272447664e+01
8.480000000000000000e+02 1.161358101732983350e+01
8.490000000000000000e+02 1.159654474193519214e+01
8.500000000000000000e+02 1.157950846654055077e+01
8.510000000000000000e+02 1.157730685927888636e+01
8.520000000000000000e+02 1.157510525201722196e+01
8.530000000000000000e+02 1.157290364475555933e+01
8.540000000000000000e+02 1.157070203749389492e+01
8.550000000000000000e+02 1.156850043023223051e+01
8.560000000000000000e+02 1.156629882297056611e+01
8.570000000000000000e+02 1.156409721570890348e+01
8.580000000000000000e+02 1.156189560844723907e+01
8.590000000000000000e+02 1.155969400118557466e+01
8.600000000000000000e+02 1.155749239392391026e+01
8.610000000000000000e+02 1.155529078666224763e+01
8.620000000000000000e+02 1.155308917940058322e+01
8.630000000000000000e+02 1.155088757213891881e+01
8.640000000000000000e+02 1.154868596487725441e+01
8.650000000000000000e+02 1.154648435761559178e+01
8.660000000000000000e+02 1.154428275035392737e+01
8.670000000000000000e+02 1.154208114309226296e+01
8.680000000000000000e+02 1.153987953583059856e+01
8.690000000000000000e+02 1.153767792856893593e+01
8.700000000000000000e+02 1.153547632130727152e+01
8.710000000000000000e+02 1.153327471404560711e+01
8.720000000000000000e+02 1.153107310678394271e+01
8.730000000000000000e+02 1.152887149952228008e+01
8.740000000000000000e+02 1.152666989226061567e+01
8.750000000000000000e+02 1.152446828499895126e+01
8.760000000000000000e+02 1.152070996834932970e+01
8.770000000000000000e+02 1.151695165169970814e+01
8.780000000000000000e+02 1.151319333505008657e+01
8.790000000000000000e+02 1.150943501840046501e+01
8.800000000000000000e+02 1.150567670175084167e+01
8.810000000000000000e+02 1.150191838510122011e+01
8.820000000000000000e+02 1.149816006845159855e+01
8.830000000000000000e+02 1.149440175180197699e+01
8.840000000000000000e+02 1.149064343515235542e+01
8.850000000000000000e+02 1.148688511850273386e+01
8.860000000000000000e+02 1.148312680185311230e+01
8.870000000000000000e+02 1.147936848520349074e+01
8.880000000000000000e+02 1.147561016855386740e+01
8.890000000000000000e+02 1.147185185190424583e+01
8.900000000000000000e+02 1.146809353525462427e+01
8.910000000000000000e+02 1.146433521860500271e+01
8.920000000000000000e+02 1.146057690195538115e+01
8.930000000000000000e+02 1.145681858530575958e+01
8.940000000000000000e+02 1.145306026865613802e+01
8.950000000000000000e+02 1.144930195200651646e+01
8.960000000000000000e+02 1.144554363535689312e+01
8.970000000000000000e+02 1.144178531870727156e+01
8.980000000000000000e+02 1.143802700205764999e+01
8.990000000000000000e+02 1.143426868540802843e+01
9.000000000000000000e+02 1.143051036875840687e+01
9.010000000000000000e+02 1.141866528285156690e+01
9.020000000000000000e+02 1.140682019694472693e+01
9.030000000000000000e+02 1.139497511103788696e+01
9.040000000000000000e+02 1.138313002513104522e+01
9.050000000000000000e+02 1.137128493922420525e+01
9.060000000000000000e+02 1.135943985331736528e+01
9.070000000000000000e+02 1.134759476741052531e+01
9.080000000000000000e+02 1.133574968150368534e+01
9.090000000000000000e+02 1.132390459559684537e+01
9.100000000000000000e+02 1.131205950969000362e+01
9.110000000000000000e+02 1.130021442378316365e+01
9.120000000000000000e+02 1.128836933787632368e+01
9.130000000000000000e+02 1.127652425196948371e+01
9.140000000000000000e+02 1.126467916606264374e+01
9.150000000000000000e+02 1.125283408015580378e+01
9.160000000000000000e+02 1.124098899424896203e+01
9.170000000000000000e+02 1.122914390834212206e+01
9.180000000000000000e+02 1.121729882243528209e+01
9.190000000000000000e+02 1.120545373652844212e+01
9.200000000000000000e+02 1.119360865062160215e+01
9.210000000000000000e+02 1.118176356471476218e+01
9.220000000000000000e+02 1.116991847880792044e+01
9.230000000000000000e+02 1.115807339290108047e+01
9.240000000000000000e+02 1.114622830699424050e+01
9.250000000000000000e+02 1.113438322108740053e+01
9.260000000000000000e+02 1.107208316131397297e+01
9.270000000000000000e+02 1.100978310154054540e+01
9.280000000000000000e+02 1.094748304176711784e+01
9.290000000000000000e+02 1.088518298199369028e+01
9.300000000000000000e+02 1.082288292222026271e+01
9.310000000000000000e+02 1.076058286244683515e+01
9.320000000000000000e+02 1.069828280267340759e+01
9.330000000000000000e+02 1.063598274289998002e+01
9.340000000000000000e+02 1.057368268312655246e+01
9.350000000000000000e+02 1.051138262335312490e+01
9.360000000000000000e+02 1.044908256357969734e+01
9.370000000000000000e+02 1.038678250380626977e+01
9.380000000000000000e+02 1.032448244403284221e+01
9.390000000000000000e+02 1.026218238425941642e+01
9.400000000000000000e+02 1.019988232448598886e+01
9.410000000000000000e+02 1.013758226471256130e+01
9.420000000000000000e+02 1.007528220493913373e+01
9.430000000000000000e+02 1.001298214516570617e+01
9.440000000000000000e+02 9.950682085392278609e+00
9.450000000000000000e+02 9.888382025618851046e+00
9.460000000000000000e+02 9.826081965845423483e+00
9.470000000000000000e+02 9.763781906071995920e+00
9.480000000000000000e+02 9.701481846298568357e+00
9.490000000000000000e+02 9.639181786525140794e+00
9.500000000000000000e+02 9.576881726751713231e+00
9.510000000000000000e+02 9.545575334490266073e+00
9.520000000000000000e+02 9.514268942228818915e+00
9.530000000000000000e+02 9.482962549967371757e+00
9.540000000000000000e+02 9.451656157705922823e+00
9.550000000000000000e+02 9.420349765444475665e+00
9.560000000000000000e+02 9.389043373183028507e+00
9.570000000000000000e+02 9.357736980921581349e+00
9.580000000000000000e+02 9.326430588660134191e+00
9.590000000000000000e+02 9.295124196398687033e+00
9.600000000000000000e+02 9.263817804137238099e+00
9.610000000000000000e+02 9.232511411875790941e+00
9.620000000000000000e+02 9.201205019614343783e+00
9.630000000000000000e+02 9.169898627352896625e+00
9.640000000000000000e+02 9.138592235091449467e+00
9.650000000000000000e+02 9.107285842830002309e+00
9.660000000000000000e+02 9.075979450568553375e+00
9.670000000000000000e+02 9.044673058307106217e+00
9.680000000000000000e+02 9.013366666045659059e+00
9.690000000000000000e+02 8.982060273784211901e+00
9.700000000000000000e+02 8.950753881522764743e+00
9.710000000000000000e+02 8.919447489261317585e+00
9.720000000000000000e+02 8.888141096999870427e+00
9.730000000000000000e+02 8.856834704738421493e+00
9.740000000000000000e+02 8.825528312476974335e+00
9.750000000000000000e+02 8.794221920215527177e+00
9.760000000000000000e+02 8.848553301738290244e+00
9.770000000000000000e+02 8.902884683261051535e+00
9.780000000000000000e+02 8.957216064783814602e+00
9.790000000000000000e+02 9.011547446306575893e+00
9.800000000000000000e+02 9.065878827829338960e+00
9.810000000000000000e+02 9.120210209352102027e+00
9.820000000000000000e+02 9.174541590874863317e+00
9.830000000000000000e+02 9.228872972397626384e+00
9.840000000000000000e+02 9.283204353920387675e+00
9.850000000000000000e+02 9.337535735443150742e+00
9.860000000000000000e+02 9.391867116965912032e+00
9.870000000000000000e+02 9.446198498488675099e+00
9.880000000000000000e+02 9.500529880011438166e+00
9.890000000000000000e+02 9.554861261534199457e+00
9.900000000000000000e+02 9.609192643056962524e+00
9.910000000000000000e+02 9.663524024579723815e+00
9.920000000000000000e+02 9.717855406102486882e+00
9.930000000000000000e+02 9.772186787625248172e+00
9.940000000000000000e+02 9.826518169148011239e+00
9.950000000000000000e+02 9.880849550670774306e+00
9.960000000000000000e+02 9.935180932193535597e+00
9.970000000000000000e+02 9.989512313716298664e+00
9.980000000000000000e+02 1.004384369523905995e+01
9.990000000000000000e+02 1.009817507676182302e+01
