410.0 109.04652639390552
411.0 111.32281500394407
412.0 113.59910361398263
413.0 116.18797122929386
414.0 118.85874149956422
415.0 121.4322111701145
416.0 123.97477873768202
417.0 126.2769138954623
418.0 128.35905675260517
419.0 130.44119960974805
420.0 132.1771858263794
421.0 133.86540976460333
422.0 135.55363370282726
423.0 137.46334978411593
424.0 139.418875845892
425.0 141.37440190766807
426.0 143.9027886317403
427.0 146.44177511822681
428.0 149.5544158674805
429.0 152.86333478639943
430.0 155.46917916303408
431.0 158.15949264880837
432.0 168.19403419548587
433.0 172.816016177468
434.0 180.62337165794858
435.0 187.79799204446408
436.0 195.82421398212745
437.0 204.3763023103752
438.0 213.22024574978246
439.0 221.53451939843097
440.0 229.2247166521362
441.0 237.20681742226105
442.0 239.82637823307186
443.0 242.4459390438827
444.0 240.92728748910187
445.0 237.4706489755884
446.0 233.40735009202746
447.0 225.90088782330685
448.0 214.50598138461004
449.0 202.13591979075792
450.0 185.8862045008712
451.0 170.90645025065368
452.0 155.6945973190926
453.0 140.00589036617203
454.0 124.84973844812508
455.0 112.53116826503863
456.0 99.05265547805851
457.0 87.29838406955321
458.0 79.00283347863977
459.0 71.83720938680577
460.0 64.6678489339779
461.0 60.652557396105614
462.0 56.85099976128183
463.0 53.28941423278105
464.0 50.60091761115942
465.0 48.04541058195283
466.0 46.405723081952836
467.0 44.76603558195285
468.0 43.126348081952855
469.0 42.059488445294846
470.0 41.075714314020715
471.0 40.09194018274658
472.0 39.10816605147246
473.0 38.355474936413316
474.0 37.75482997326834
475.0 37.15418501012338
476.0 36.55354004697841
477.0 35.97631550505446
478.0 35.55635236009132
479.0 35.13638921512817
480.0 34.71642607016503
481.0 34.29646292520189
482.0 33.96300563093082
483.0 33.67489138031657
484.0 33.38677712970233
485.0 33.09866287908809
486.0 32.823030525193275
487.0 32.603282367945106
488.0 32.38353421069694
489.0 32.16378605344878
490.0 31.94403789620062
491.0 31.817777241384245
492.0 31.729877978484986
493.0 31.641978715585722
494.0 31.55407945268646
495.0 31.486882777205324
496.0 31.486882777205324
497.0 31.486882777205324
498.0 31.486882777205324
499.0 31.486882777205324
500.0 31.557583293103793
501.0 31.650365848386354
502.0 31.743148403668915
503.0 31.83593095895148
504.0 31.941392025189675
505.0 32.07812421192186
506.0 32.21485639865404
507.0 32.351588585386224
508.0 32.48832077211841
509.0 32.60117500198144
510.0 32.708607434413864
511.0 32.816039866846296
512.0 32.92347229927873
513.0 32.99422406277242
514.0 32.99422406277242
515.0 32.99422406277242
516.0 32.99422406277242
517.0 32.99422406277242
518.0 32.90098280098277
519.0 32.793550368550335
