400.6171268374555 129.97504359197907
403.3283535292056 137.6452157802964
404.2772828713181 141.94392981691368
405.70067688448694 147.13709677419354
407.12407089765577 152.48378923278113
408.75080691270585 158.67153443766347
410.37754292775594 164.2585276809067
412.2076209446873 170.49433304272011
414.4443829653811 176.77419354838707
417.9011969973625 182.4176210668146
422.37472103875024 183.57543393833714
425.83153507073166 178.9369006102877
427.8649550895442 173.2698071054926
429.288349102713 167.76291412380118
430.4406204467068 161.43499346120313
430.83374831701065 156.56649956408017
432.2978107305557 150.2129468177855
433.15184713845696 144.25348735832605
433.96521514598203 138.6064189189189
434.5752411516258 133.439952048823
435.5512827606558 127.09601133391453
436.2019771666759 120.94431124673059
437.0153451742009 115.53754359197904
437.8287131817259 109.46994877942456
438.80475479075596 102.87369224062769
439.65879119865724 96.73400719267653
440.4721592061823 91.50746512641672
441.3261956140836 85.90845684394071
442.5055792249949 79.53247602441147
443.86119257086995 73.15560520197613
445.7590512550951 66.33595793374016
447.5891292720264 60.53269398430686
449.62254929083895 55.29413687881427
452.0626533134141 49.91826503923275
455.3161253435142 44.55536181342629
459.38296538113946 39.504190774352054
463.85648942252715 35.11324007291748
468.33001346391484 31.923793294760998
472.80353750530253 29.520785448204776
477.2770615466902 27.707606800348714
481.7505855880779 26.287647618292738
486.22410962946566 25.15168027264795
490.6976336708534 24.12494055639212
495.1711577122411 23.163737417769624
499.6446817536288 22.355452960291643
504.1182057950165 21.721932709835897
508.59172983640417 21.241331140524636
513.0652538777919 20.82626614884674
517.5387779191797 20.476737734802242
522.0123019605674 20.10536379487985
526.485826001955 19.952445113735394
530.9593500433427 19.69029880320204
535.4328740847304 19.537380122057527
539.9063981261181 19.537380122057527
544.3799221675058 19.49368907030191
548.8534462088935 19.056778552746266
553.3269702502812 18.532485931679446
557.800494291669 17.83342910359039
562.2740183330567 16.981453594356765
566.7475423744444 16.326087818023325
571.2210664158321 16.173169136878812
575.6945904572198 16.260551240389873
580.1681144986075 17.0032991202346
584.6416385399953 18.13926646587936
589.115162581383 19.275233811524117
593.5886866227706 20.323819053657758
597.5538556594552 20.76892164341757
602.6577399066748 20.138132083696576
607.0092587469337 18.445103828168328
611.4827827883214 16.129478085123196
615.9563068297091 13.988616549100414
620.4298308710968 12.393893160022174
624.9033549124845 11.279771340255195
629.3768789538723 10.64625108979942
633.85040299526 10.100112942854878
638.3239270366477 9.685047951176955
642.7974510780354 9.619511373543617
647.2709751194232 9.597665847665837
651.7444991608108 10.64625108979942
656.2180232021985 10.733633193310538
660.6915472435862 10.405950305143847
665.1650712849739 10.165649520488216
669.6385953263616 10.165649520488216
674.1121193677493 10.165649520488216
678.585643409137 9.925348735832586
683.0591674505247 9.532129270032442
687.5326914919124 9.393774272806525
692.0062155333001 9.535770191012148
696.2763975728066 9.444747166521324

