402.2031944521293 100.48029642545768
406.31070289013076 103.08195292066256
409.7675169221121 108.51732781168263
412.2076209446873 114.07170880557973
414.2410409634998 119.50250653879684
416.4778029841937 125.18962510897993
419.12124900865007 130.69365736704444
422.171379036869 135.84295989537924
425.0181670632066 141.40992807323448
427.25492908390044 147.0890366172624
429.288349102713 153.81745858761985
430.98286578505684 157.7503814298169
431.2811007211494 164.87129468177852
433.1111787380807 173.32988230165648
433.7618731441007 179.01700087183957
434.5752411516258 184.50386878814297
435.3886091591508 190.81176438535306
436.2019771666759 197.48011115954662
437.0153451742009 204.5089091107236
437.8287131817259 211.77800784655622
438.642081189251 218.62658020924147
439.455449196776 225.2348517872711
440.26881720430106 231.1943112467306
440.8788432099448 236.88943984306886
443.3189472325199 243.28144071490846
445.7590512550951 234.84688317349605
446.67409026356074 229.3800403225806
447.18244526826385 223.95324760244114
447.7518028735314 217.4010462074978
448.30082627861077 210.99703029642544
448.80918128331393 204.72918482999125
449.21586528707644 199.20226678291192
449.62254929083895 193.51514821272883
449.92756229366086 186.96695183086308
450.33424629742336 180.8993570183086
450.7409303011859 174.7716870095902
451.14761430494843 168.70409219703572
451.55429830871094 162.45627179598952
451.96098231247345 156.3286017872711
452.36766631623595 149.72033020924147
452.77435031999846 143.47250980819527
453.181034323761 137.22468940714907
453.58771832752353 130.97686900610285
453.99440233128604 124.90927419354836
454.5027573359892 119.50250653879684
454.9094413397517 113.81538796861375
455.3161253435142 108.04816913687881
455.7228093472768 102.60135135135133
456.1294933510393 97.3948343504795
456.5361773548018 91.4473899302528
457.26820856157434 84.89919354838707
458.1629133698519 77.69017000871838
459.1389549788819 70.86562772449867
460.0336597871595 64.42556669572795
461.416385399952 59.02680906713164
462.8397794131208 53.72016673931995
464.8731994319334 48.25332388840451
468.1266714620336 42.91864646904966
472.39685350154 38.717751842751824
476.8703775429277 36.030752159784385
481.3439015843154 34.15203693429498
485.81742562570315 32.86315090750574
490.29094966709084 31.88010224300544
494.7644737084786 31.486882777205324
499.2379977498663 31.486882777205324
503.711521791254 31.901947768883247
508.18504583264166 32.513622493461185
512.6585698740294 32.99422406277242
517.132093915417 32.99422406277242
521.6056179568047 32.513622493461185
526.0791419981924 31.465037251327544
530.5526660395802 30.350915431560566
535.0261900809679 29.45524887057141
539.4997141223556 28.843574145993472
543.9732381637433 28.668809938971208
548.446762205131 29.083874930649102
552.9202862465188 29.630013077593702
557.3938102879065 29.630013077593702
561.8673343292942 29.630013077593702
566.3408583706819 29.280484663549146
570.8143824120696 28.668809938971208
575.2879064534573 28.428509154315577
579.761430494845 28.843574145993472
584.2349545362326 30.43829753507171
588.7084785776203 33.36559800269475
593.182002619008 38.04054054054052
597.2488426566333 43.52295844231321
601.3156826942584 48.329783228976765
606.1055165163503 47.09187009590232
609.2460207676276 41.60500217959893
611.6861247902027 35.533402353966835
614.1262288127778 29.830263731473366
616.7696748372341 24.44638186573664
620.4298308710968 19.55922564793525
624.6774193548388 16.253269398430632
629.3768789538723 14.310838055797717
633.85040299526 13.114795513989009
637.9172430328852 12.80895815170004
645.7967456057839 11.937867807323414
650.1177631457607 11.520072124910826
654.5912871871484 11.126852659110682
659.0648112285362 11.126852659110682
663.5383352699239 10.952088452088447
668.0118593113116 10.624405563921698
672.4853833526993 10.165649520488216
676.958907394087 10.165649520488216
681.4324314354747 10.078267416977098
685.9059554768623 9.925348735832586
690.37947951825 9.903503209954806
694.6496615577565 9.685047951176955

