410.0 162.9618638295554
411.0 166.3794870677129
412.0 169.78688571636152
413.0 172.71899077963596
414.0 175.52655834720352
415.0 177.68126706575475
416.0 179.31381873507115
417.0 180.94637040438755
418.0 182.44319271617658
419.0 182.70200721249108
420.0 182.96082170880558
421.0 183.21963620512005
422.0 183.47845070143455
423.0 182.7364020221705
424.0 181.3945498759066
425.0 180.0526977296427
426.0 178.46739283638473
427.0 175.6804164850333
428.0 172.74733907294367
429.0 168.87849254784717
430.0 163.85474575619233
431.0 155.84502155381185
432.0 151.50534813038834
433.0 145.31307551791394
434.0 138.3118170589944
435.0 130.67916303400145
436.0 122.85381429816884
437.0 115.63954882301628
438.0 108.31236309394029
439.0 101.47007047369914
440.0 94.5414668700956
441.0 88.04697450907108
442.0 82.26573720550343
443.0 77.20669675724092
444.0 72.65682322587546
445.0 69.06348546847528
446.0 65.57189806742223
447.0 62.40085077012493
448.0 59.474196599825575
449.0 56.89796687009577
450.0 54.46256305268388
451.0 52.25943081330168
452.0 50.05629857391948
453.0 48.373177353620825
454.0 46.72481425838271
455.0 45.0764511631446
456.0 43.70596330568096
457.0 42.4639250173927
458.0 41.22188672910443
459.0 39.97984844081617
460.0 38.89854552299566
461.0 37.917003753953885
462.0 36.935461984912116
463.0 35.95392021587034
464.0 35.010922672872795
465.0 34.2979619849121
466.0 33.585001296951404
467.0 32.87204060899071
468.0 32.15907992103001
469.0 31.563901878417955
470.0 31.026739716255793
471.0 30.489577554093632
472.0 29.95241539193147
473.0 29.441156592476197
474.0 29.03584332466293
475.0 28.63053005684966
476.0 28.225216789036395
477.0 27.819903521223125
478.0 27.478136010577316
479.0 27.160722005663306
480.0 26.843308000749296
481.0 26.525893995835286
482.0 26.22431351639557
483.0 25.970382312464363
484.0 25.716451108533157
485.0 25.462519904601947
486.0 25.20858870067074
487.0 24.973601994423042
488.0 24.744087252408306
489.0 24.51457251039357
490.0 24.28505776837883
491.0 24.05997265594035
492.0 23.845107791075485
493.0 23.63024292621062
494.0 23.415378061345752
495.0 23.200513196480888
496.0 23.01398068623137
497.0 22.83329886804956
498.0 22.652617049867747
499.0 22.471935231685933
500.0 22.30513439659331
501.0 22.16351891747783
502.0 22.021903438362347
503.0 21.880287959246864
504.0 21.73867248013138
505.0 21.62719941348969
506.0 21.519766981057256
507.0 21.41233454862482
508.0 21.304902116192384
509.0 21.20345079150059
510.0 21.110668236218032
511.0 21.01788568093548
512.0 20.92510312565292
513.0 20.832320570370367
514.0 20.753231930944494
515.0 20.67509925281183
516.0 20.59696657467916
517.0 20.518833896546496
518.0 20.43844893613954
519.0 20.355432965623553
