450.0 53.92
451.0 48.12
452.0 42.32
453.0 38.2
454.0 34.08
455.0 31.084
456.0 28.087999999999997
457.0 25.907999999999998
458.0 23.728
459.0 22.126
460.0 20.524
461.0 19.366
462.0 18.208
463.0 17.344
464.0 16.48
465.0 15.866
466.0 15.252000000000002
467.0 14.83
468.0 14.408
469.0 14.118
470.0 13.828
471.0 13.645999999999999
472.0 13.464
473.0 13.368000000000002
474.0 13.272
475.0 13.229999999999999
476.0 13.188
477.0 13.198
478.0 13.208
479.0 13.248000000000001
480.0 13.288
481.0 13.35
482.0 13.412
483.0 13.516
484.0 13.62
485.0 13.74
486.0 13.86
487.0 14.005999999999997
488.0 14.151999999999997
489.0 14.342
490.0 14.532
491.0 14.738
492.0 14.944
493.0 15.193999999999999
494.0 15.444
495.0 15.718000000000002
496.0 15.992
497.0 16.312
498.0 16.632
499.0 16.976
500.0 17.32
501.0 17.71
502.0 18.1
503.0 18.504
504.0 18.908
505.0 19.35
506.0 19.792
507.0 20.216
508.0 20.64
509.0 21.086
510.0 21.532
511.0 21.951999999999998
512.0 22.372
513.0 22.817999999999998
514.0 23.264
515.0 23.682
516.0 24.1
517.0 24.548
518.0 24.996
519.0 25.454
520.0 25.912
521.0 26.43
522.0 26.948
523.0 27.496
524.0 28.043999999999997
525.0 28.656
526.0 29.267999999999997
527.0 29.921999999999997
528.0 30.576
529.0 31.308
530.0 32.04
531.0 32.842
532.0 33.644
533.0 34.554
534.0 35.464
535.0 36.442
536.0 37.42
537.0 38.512
538.0 39.604
539.0 40.742
540.0 41.88
541.0 43.06
542.0 44.24
543.0 45.36
544.0 46.48
545.0 47.54
546.0 48.6
547.0 49.480000000000004
548.0 50.36
549.0 51.1
550.0 51.84
551.0 52.34
552.0 52.84
553.0 53.12
554.0 53.4
555.0 53.419999999999995
556.0 53.44
557.0 53.3
558.0 53.16
559.0 52.8
560.0 52.44
561.0 51.980000000000004
562.0 51.52
563.0 50.940000000000005
564.0 50.36
565.0 49.68000000000001
566.0 49.0
567.0 48.199999999999996
568.0 47.4
569.0 46.53999999999999
570.0 45.68
571.0 44.760000000000005
572.0 43.84
573.0 42.900000000000006
574.0 41.96
575.0 41.02
576.0 40.08
577.0 39.168
578.0 38.256
579.0 37.410000000000004
580.0 36.564
581.0 35.75000000000001
582.0 34.936
583.0 34.134
584.0 33.332
585.0 32.472
586.0 31.612
587.0 30.649999999999995
588.0 29.687999999999995
589.0 28.594
590.0 27.5
591.0 26.291999999999998
592.0 25.084
593.0 23.799999999999997
594.0 22.516
595.0 21.209999999999997
596.0 19.904
597.0 18.635999999999996
598.0 17.368
599.0 16.201999999999998
600.0 15.036000000000001
601.0 13.39
602.0 11.744
603.0 11.052
604.0 10.36
605.0 9.754999999999999
606.0 9.15
607.0 8.665
608.0 8.18
609.0 7.789
610.0 7.398
611.0 7.084999999999999
612.0 6.771999999999999
613.0 6.521
614.0 6.2700000000000005
615.0 6.0649999999999995
616.0 5.86
617.0 5.686000000000001
618.0 5.5120000000000005
619.0 5.364
620.0 5.216
621.0 5.093
622.0 4.97
623.0 4.863
624.0 4.756
625.0 4.664000000000001
626.0 4.572000000000001
627.0 4.4910000000000005
628.0 4.41
629.0 4.338
630.0 4.266
631.0 4.177
632.0 4.088
633.0 4.0360000000000005
634.0 3.984
635.0 3.9400000000000004
636.0 3.896
637.0 3.8540000000000005
638.0 3.8120000000000003
639.0 3.7780000000000005
640.0 3.744
641.0 3.7120000000000006
642.0 3.68
643.0 3.654
644.0 3.6279999999999997
645.0 3.604
646.0 3.58
647.0 3.5580000000000003
648.0 3.5359999999999996
649.0 3.514
650.0 3.4920000000000004
651.0 3.474
652.0 3.456
653.0 3.432
654.0 3.408
655.0 3.376
656.0 3.344
657.0 3.328
658.0 3.312
659.0 3.2859999999999996
660.0 3.26
661.0 3.2279999999999998
662.0 3.196
663.0 3.162
664.0 3.128
665.0 3.0900000000000003
666.0 3.052
667.0 3.0119999999999996
668.0 2.972
669.0 2.928
670.0 2.884
671.0 2.8400000000000003
672.0 2.796
673.0 2.7520000000000002
674.0 2.708
675.0 2.664
676.0 2.62
677.0 2.576
678.0 2.532
679.0 2.49
680.0 2.448
681.0 2.406
682.0 2.364
683.0 2.324
684.0 2.284
685.0 2.2439999999999998
686.0 2.204
687.0 2.168
688.0 2.132
689.0 2.0980000000000003
690.0 2.064
691.0 2.032
692.0 2.0
693.0 1.9700000000000002
694.0 1.94
695.0 1.912
696.0 1.884
697.0 1.8599999999999999
698.0 1.836
699.0 1.812
700.0 1.788
701.0 1.766
702.0 1.744
703.0 1.724
704.0 1.704
705.0 1.684
706.0 1.664
707.0 1.6440000000000001
708.0 1.624
709.0 1.606
710.0 1.588
711.0 1.5680000000000003
712.0 1.548
713.0 1.532
714.0 1.516
715.0 1.498
716.0 1.48
717.0 1.462
718.0 1.444
719.0 1.428
720.0 1.412
721.0 1.398
722.0 1.384
723.0 1.372
724.0 1.36
725.0 1.3480000000000003
726.0 1.336
727.0 1.3279999999999998
728.0 1.32
729.0 1.3139999999999998
730.0 1.308
731.0 1.306
732.0 1.304
733.0 1.306
734.0 1.308
735.0 1.312
736.0 1.316
737.0 1.324
738.0 1.332
739.0 1.344
740.0 1.356
741.0 1.3699999999999999
742.0 1.384
743.0 1.402
744.0 1.42
745.0 1.4419999999999997
746.0 1.464
747.0 1.486
748.0 1.508
749.0 1.5299999999999998
750.0 1.552
751.0 1.574
752.0 1.596
753.0 1.616
754.0 1.636
755.0 1.648
756.0 1.66
757.0 1.664
758.0 1.668
759.0 1.662
760.0 1.656
761.0 1.642
762.0 1.628
763.0 1.6059999999999999
764.0 1.584
765.0 1.554
766.0 1.524
767.0 1.49
768.0 1.456
769.0 1.422
770.0 1.388
771.0 1.354
772.0 1.32
773.0 1.288
774.0 1.256
775.0 1.226
776.0 1.196
777.0 1.168
778.0 1.14
779.0 1.116
780.0 1.092
781.0 1.07
782.0 1.048
783.0 1.03
784.0 1.012
785.0 0.996
786.0 0.9799999999999999
787.0 0.9659999999999999
788.0 0.952
789.0 0.942
790.0 0.932
791.0 0.922
792.0 0.9120000000000001
793.0 0.902
794.0 0.892
795.0 0.8839999999999999
796.0 0.876
797.0 0.8699999999999999
798.0 0.864
799.0 0.862
800.0 0.86
801.0 0.8335848260287969
802.0 0.8282864333656984
803.0 0.823509194079298
804.0 0.8187753842409561
805.0 0.8143890099870793
806.0 0.8109146541424246
807.0 0.8073100099535953
808.0 0.8037922246608823
809.0 0.8011864577773912
810.0 0.7984938319977838
811.0 0.7958880651142927
812.0 0.7938903105036161
813.0 0.7919794147890561
814.0 0.7901988074186705
815.0 0.7885919178405176
816.0 0.7872021755026557
817.0 0.7858992920609102
818.0 0.7846832675152811
819.0 0.7839883963463501
820.0 0.7832066662813026
821.0 0.7825117951123718
822.0 0.7819906417356736
823.0 0.7815129178070336
824.0 0.7809917644303354
825.0 0.780687758293928
826.0 0.7806008993978116
827.0 0.7803837521575208
828.0 0.7802968932614043
829.0 0.780210034365288
830.0 0.780210034365288
831.0 0.780210034365288
832.0 0.780210034365288
833.0 0.780210034365288
834.0 0.7802968932614043
835.0 0.7802968932614043
836.0 0.7803837521575208
837.0 0.7805140405016953
838.0 0.780687758293928
839.0 0.7809917644303354
840.0 0.7812957705667427
841.0 0.7815129178070336
842.0 0.7818169239434408
843.0 0.7821209300798481
844.0 0.7825117951123718
845.0 0.7831198073851864
846.0 0.7836843902099427
847.0 0.7842924024827573
848.0 0.7848135558594556
849.0 0.7854215681322702
850.0 0.7858992920609102
851.0 0.7868981693662483
852.0 0.7878101877754702
853.0 0.7888090650808085
854.0 0.7898948012822632
855.0 0.7909805374837178
856.0 0.7921097031332305
857.0 0.7932822982308015
858.0 0.7947154700167217
859.0 0.7961052123545835
860.0 0.7974949546924455
861.0 0.7991018442705984
862.0 0.8007087338487511
863.0 0.802315623426904
864.0 0.8041830896934059
865.0 0.8060939854079661
866.0 0.8080048811225262
867.0 0.8100026357332026
868.0 0.8120003903438793
869.0 0.8140850038506721
870.0 0.8163867645977558
871.0 0.8186885253448396
872.0 0.8210771449880397
873.0 0.823509194079298
874.0 0.8258978137224983
875.0 0.8282864333656984
876.0 0.830805341353073
877.0 0.833367678788506
878.0 0.8358865867758808
879.0 0.8384923536593718
880.0 0.8409678321986883
881.0 0.8435735990821795
882.0 0.8460925070695542
883.0 0.8486982739530452
884.0 0.8513908997326527
885.0 0.8539966666161437
886.0 0.8566024334996348
887.0 0.8591647709350677
888.0 0.861770537818559
889.0 0.8642894458059335
890.0 0.8667649243452501
891.0 0.8691969734365084
892.0 0.8715855930797085
893.0 0.8739742127229088
894.0 0.8762759734699925
895.0 0.87849087532096
896.0 0.8804886299316365
897.0 0.882486384542313
898.0 0.884353850808815
899.0 0.8860910287311423
900.0 0.8877847772054115
901.0 0.8894785256796808
902.0 0.8907814091214261
903.0 0.8920842925631718
904.0 0.8933871760049173
905.0 0.8941689060699646
906.0 0.89499406558307
907.0 0.8956889367520011
908.0 0.8959929428884084
909.0 0.8962535195767574
910.0 0.8965575257131647
911.0 0.8961666606806411
912.0 0.8954717895117101
913.0 0.8948637772388954
914.0 0.8939517588296736
915.0 0.892866022628219
916.0 0.8917802864267644
917.0 0.8901733968486116
918.0 0.8882625011340516
919.0 0.8863950348675496
920.0 0.884180133016582
921.0 0.8814875072369747
922.0 0.8787948814573674
923.0 0.8757982495413524
924.0 0.8723673231447557
925.0 0.8688929673001011
926.0 0.8652883231112718
927.0 0.861075666649628
928.0 0.8568630101879839
929.0 0.8525634948302236
930.0 0.8477862555438234
931.0 0.8429655868093648
932.0 0.8379712002826736
933.0 0.8321950836909351
934.0 0.826288678755022
935.0 0.8205125621632834
936.0 0.8140850038506721
937.0 0.8077877338822352
938.0 0.801403605017682
939.0 0.7942811755361397
940.0 0.7872021755026557
941.0 0.779992887124997
942.0 0.7725230220589893
943.0 0.764922868648807
944.0 0.7573227152386246
945.0 0.7491145495556277
946.0 0.7408195249765146
947.0 0.7325245003974011
948.0 0.7239254696818805
949.0 0.7152395800702437
950.0 0.7066405493547231
951.0 0.6980415186392025
952.0 0.689442487923682
953.0 0.6808434572081614
954.0 0.671332408083419
955.0 0.6614304939261528
956.0 0.6515285797688867
957.0 0.6418438128519115
958.0 0.6322459048310527
959.0 0.6227348557063103
960.0 0.6131369476854515
961.0 0.6035390396645928
962.0 0.5939411316437339
963.0 0.5841695058306423
964.0 0.5743544505694924
965.0 0.5645393953083427
966.0 0.5548546283913677
967.0 0.5451698614743925
968.0 0.5355719534535336
969.0 0.5259306159846167
970.0 0.5164629963079324
971.0 0.5069519471831899
972.0 0.49744089805844743
973.0 0.48784299003758863
974.0 0.47837537036090433
975.0 0.4689511801322783
976.0 0.4595704193517104
977.0 0.45027651746725883
978.0 0.4411563333750401
979.0 0.4321881523510249
980.0 0.4231939136581749
981.0 0.4144949952121205
982.0 0.40599585222713375
983.0 0.39740116445641904
984.0 0.3891017969324999
985.0 0.38090231713911465
986.0 0.372807068021069
987.0 0.36470747595821756
988.0 0.3566078838953662
989.0 0.34861252250785435
990.0 0.3408125936366043
991.0 0.33331667090176176
992.0 0.3258164052221132
993.0 0.318620145678872
994.0 0.31161931865189263
995.0 0.304622834569719
996.0 0.2977262382180793
997.0 0.2908252989216338
998.0 0.2840285903005279
999.0 0.2775315448710235
1000.0 0.27132981968831466
1001.0 0.26513243745041176
1002.0 0.2591348306735764
1003.0 0.25323711162727497
1004.0 0.24743928031150728
1005.0 0.24183688151200144
1006.0 0.2363387133878353
1007.0 0.23084054526366907
1008.0 0.22564204033110438
1009.0 0.2206433108596073
1010.0 0.21554469365757642
1011.0 0.21084562737768084
1012.0 0.20614656109778526
1013.0 0.20144749481788968
1014.0 0.1970480917295956
1015.0 0.19275291931664112
1016.0 0.188353516228347
1017.0 0.18435366406218817
1018.0 0.18035381189602936
1019.0 0.17625407199933676
1020.0 0.17255822596958523
1021.0 0.16875814926449406
1022.0 0.16505796028993674
1023.0 0.1617573222375147
1024.0 0.15846102712989846
1025.0 0.1552602768080103
1026.0 0.15215941421665588
1027.0 0.14916278230064114
1028.0 0.14606191970928675
1029.0 0.14316517552380584
1030.0 0.1401642006629853
1031.0 0.13736300126323234
1032.0 0.13466603253881906
1033.0 0.1319647208696
1034.0 0.12946752760625438
1035.0 0.1271657668591706
1036.0 0.12496823678742645
1037.0 0.12267081898514848
1038.0 0.12046894596859853
1039.0 0.11827141589685437
1040.0 0.11606954288030441
1041.0 0.11407178826962791
1042.0 0.11196980298361177
