450.0 64.8
451.0 62.199999999999996
452.0 59.6
453.0 57.4
454.0 55.2
455.0 53.220000000000006
456.0 51.24
457.0 49.540000000000006
458.0 47.84
459.0 46.26
460.0 44.68
461.0 43.34
462.0 42.0
463.0 40.75
464.0 39.5
465.0 38.416000000000004
466.0 37.332
467.0 36.333999999999996
468.0 35.336
469.0 34.466
470.0 33.596
471.0 32.784000000000006
472.0 31.972000000000005
473.0 31.260000000000005
474.0 30.548
475.0 29.88
476.0 29.212
477.0 28.61
478.0 28.008
479.0 27.448000000000004
480.0 26.888
481.0 26.408
482.0 25.928
483.0 25.476000000000003
484.0 25.024
485.0 24.658
486.0 24.292
487.0 23.922
488.0 23.552
489.0 23.258
490.0 22.964
491.0 22.671999999999997
492.0 22.38
493.0 22.136
494.0 21.892
495.0 21.651999999999997
496.0 21.412
497.0 21.214
498.0 21.016
499.0 20.816
500.0 20.616
501.0 20.448
502.0 20.28
503.0 20.108
504.0 19.936
505.0 19.822
506.0 19.708
507.0 19.618
508.0 19.528
509.0 19.52
510.0 19.512
511.0 19.598000000000003
512.0 19.684
513.0 19.926
514.0 20.168
515.0 20.554000000000002
516.0 20.94
517.0 21.566
518.0 22.192
519.0 23.058
520.0 23.924
521.0 25.12
522.0 26.316
523.0 27.798000000000002
524.0 29.28
525.0 31.100000000000005
526.0 32.92
527.0 34.959999999999994
528.0 37.0
529.0 39.199999999999996
530.0 41.4
531.0 43.54
532.0 45.68
533.0 47.64
534.0 49.6
535.0 51.24000000000001
536.0 52.88
537.0 54.24
538.0 55.599999999999994
539.0 56.43999999999999
540.0 57.28
541.0 57.68
542.0 58.08
543.0 57.72
544.0 57.36
545.0 56.33999999999999
546.0 55.32
547.0 53.64
548.0 51.96
549.0 50.0
550.0 48.04
551.0 46.059999999999995
552.0 44.08
553.0 42.38
554.0 40.68
555.0 39.304
556.0 37.928
557.0 36.994
558.0 36.06
559.0 35.564
560.0 35.068
561.0 35.072
562.0 35.076
563.0 35.622
564.0 36.168
565.0 37.312
566.0 38.456
567.0 40.228
568.0 42.0
569.0 44.36
570.0 46.72
571.0 49.46000000000001
572.0 52.2
573.0 54.84
574.0 57.48
575.0 59.26
576.0 61.040000000000006
577.0 61.24
578.0 61.440000000000005
579.0 59.56
580.0 57.68
581.0 54.04
582.0 50.4
583.0 45.76
584.0 41.12
585.0 36.436
586.0 31.752
587.0 27.65
588.0 23.548
589.0 20.298
590.0 17.048
591.0 14.647999999999998
592.0 12.248
593.0 10.556000000000001
594.0 8.864
595.0 7.7
596.0 6.536
597.0 5.736
598.0 4.936
599.0 4.386
600.0 3.836
601.0 3.46
602.0 3.084
603.0 2.808
604.0 2.532
605.0 2.3240000000000003
606.0 2.116
607.0 1.9780000000000002
608.0 1.84
609.0 1.714
610.0 1.588
611.0 1.486
612.0 1.384
613.0 1.302
614.0 1.22
615.0 1.152
616.0 1.084
617.0 1.026
618.0 0.968
619.0 0.92
620.0 0.872
621.0 0.83
622.0 0.788
623.0 0.754
624.0 0.72
625.0 0.6880000000000001
626.0 0.656
627.0 0.628
628.0 0.6
629.0 0.578
630.0 0.556
631.0 0.536
632.0 0.516
633.0 0.498
634.0 0.48000000000000004
635.0 0.468
636.0 0.45600000000000007
637.0 0.444
638.0 0.432
639.0 0.424
640.0 0.416
641.0 0.41000000000000003
642.0 0.404
643.0 0.4
644.0 0.396
645.0 0.396
646.0 0.396
647.0 0.39399999999999996
648.0 0.392
649.0 0.392
650.0 0.392
651.0 0.39399999999999996
652.0 0.396
653.0 0.396
654.0 0.396
655.0 0.39399999999999996
656.0 0.392
657.0 0.392
658.0 0.392
659.0 0.396
660.0 0.4
661.0 0.40199999999999997
662.0 0.404
663.0 0.404
664.0 0.404
665.0 0.405
666.0 0.406
667.0 0.40700000000000003
668.0 0.408
669.0 0.408
670.0 0.408
671.0 0.408
672.0 0.408
673.0 0.41000000000000003
674.0 0.412
675.0 0.412
676.0 0.412
677.0 0.412
678.0 0.412
679.0 0.412
680.0 0.412
681.0 0.412
682.0 0.412
683.0 0.412
684.0 0.412
685.0 0.412
686.0 0.412
687.0 0.412
688.0 0.412
689.0 0.412
690.0 0.412
691.0 0.412
692.0 0.412
693.0 0.412
694.0 0.412
695.0 0.414
696.0 0.416
697.0 0.416
698.0 0.416
699.0 0.41800000000000004
700.0 0.42
701.0 0.422
702.0 0.424
703.0 0.424
704.0 0.424
705.0 0.428
706.0 0.432
707.0 0.43399999999999994
708.0 0.436
709.0 0.438
710.0 0.44000000000000006
711.0 0.444
712.0 0.44800000000000006
713.0 0.45000000000000007
714.0 0.452
715.0 0.45599999999999996
716.0 0.46
717.0 0.4620000000000001
718.0 0.46399999999999997
719.0 0.4679999999999999
720.0 0.472
721.0 0.47600000000000003
722.0 0.48000000000000004
723.0 0.484
724.0 0.48800000000000004
725.0 0.49000000000000005
726.0 0.492
727.0 0.49599999999999994
728.0 0.5
729.0 0.504
730.0 0.508
731.0 0.512
732.0 0.516
733.0 0.5200000000000001
734.0 0.524
735.0 0.528
736.0 0.532
737.0 0.5360000000000001
738.0 0.54
739.0 0.544
740.0 0.548
741.0 0.552
742.0 0.556
743.0 0.5599999999999999
744.0 0.564
745.0 0.568
746.0 0.572
747.0 0.5759999999999998
748.0 0.58
749.0 0.586
750.0 0.592
751.0 0.596
752.0 0.6
753.0 0.6039999999999999
754.0 0.608
755.0 0.612
756.0 0.616
757.0 0.622
758.0 0.628
759.0 0.6320000000000001
760.0 0.636
761.0 0.64
762.0 0.644
763.0 0.6479999999999999
764.0 0.652
765.0 0.658
766.0 0.664
767.0 0.668
768.0 0.672
769.0 0.678
770.0 0.684
771.0 0.6880000000000001
772.0 0.692
773.0 0.6960000000000001
774.0 0.7
775.0 0.706
776.0 0.712
777.0 0.7159999999999999
778.0 0.72
779.0 0.726
780.0 0.732
781.0 0.736
782.0 0.74
783.0 0.746
784.0 0.752
785.0 0.7560000000000001
786.0 0.76
787.0 0.766
788.0 0.772
789.0 0.778
790.0 0.784
791.0 0.7879999999999999
792.0 0.792
793.0 0.798
794.0 0.804
795.0 0.808
796.0 0.812
797.0 0.818
798.0 0.824
799.0 0.828
800.0 0.832
801.0 0.8713684458394177
802.0 0.877796004152029
803.0 0.8842669919126986
804.0 0.8906945502253099
805.0 0.8970786790898629
806.0 0.9035496668505324
807.0 0.9099772251631438
808.0 0.9161876362354642
809.0 0.922484906203901
810.0 0.9288690350684543
811.0 0.9351663050368908
812.0 0.9413767161092115
813.0 0.9475436977334736
814.0 0.9536672499096777
815.0 0.9600513787742307
816.0 0.9663486487426677
817.0 0.9725590598149879
818.0 0.9786391825431339
819.0 0.9845455874790469
820.0 0.9908428574474837
821.0 0.9970532685198042
822.0 1.0029596734557173
823.0 1.008822648943572
824.0 1.0150330600158928
825.0 1.0208526060556893
826.0 1.0270195876799517
827.0 1.0330562809600392
828.0 1.0390495447920687
829.0 1.0446519435915744
830.0 1.0504280601833131
831.0 1.0561173178789354
832.0 1.0618500050226156
833.0 1.0677129805104706
834.0 1.0736193854463836
835.0 1.0794389314861805
836.0 1.0848241830453953
837.0 1.090426581844901
838.0 1.0959421217482905
839.0 1.1015010910997385
840.0 1.1069297721070115
841.0 1.1125321709065172
842.0 1.1179174224657322
843.0 1.1229986678885397
844.0 1.1282970605516385
845.0 1.1335954532147368
846.0 1.138806986981719
847.0 1.1438882324045265
848.0 1.1490997661715086
849.0 1.1543981588346073
850.0 1.159305686465182
851.0 1.164213214095757
852.0 1.1691207417263318
853.0 1.1738979810127323
854.0 1.1787186497471906
855.0 1.1838867540661147
856.0 1.188186269423875
857.0 1.1930937970544497
858.0 1.1976973185486175
859.0 1.2023008400427848
860.0 1.2067740731927779
861.0 1.2110735885505384
862.0 1.2152862450121824
863.0 1.2196726192660587
864.0 1.22418928186411
865.0 1.2282716499815793
866.0 1.2321803003068161
867.0 1.23639295676846
868.0 1.240388465989813
869.0 1.2446011224514568
870.0 1.2486834905689261
871.0 1.2525921408941627
872.0 1.2561967850829923
873.0 1.2598014292718216
874.0 1.2637969384931746
875.0 1.2674884415781202
876.0 1.2706587912863678
877.0 1.2742634354751972
878.0 1.2777812207679098
879.0 1.281081858820332
880.0 1.2842522085285795
881.0 1.2874659876848853
882.0 1.2903757607047837
883.0 1.2934592515169145
884.0 1.2967598895693366
885.0 1.299669662589235
886.0 1.3023622883688424
887.0 1.3054892086290317
888.0 1.3080515460644648
889.0 1.310483595155723
890.0 1.3133499387275633
891.0 1.3161728528513452
892.0 1.3185614724945454
893.0 1.3206460860013383
894.0 1.323164993988713
895.0 1.3258576197683205
896.0 1.3279422332751134
897.0 1.3300702762299643
898.0 1.3319811719445243
899.0 1.33376177931491
900.0 1.3361503989581103
901.0 1.3381481535687867
902.0 1.3399721903872304
903.0 1.3416659388614998
904.0 1.343142540095478
905.0 1.3448797180178054
906.0 1.3463563192517836
907.0 1.347442055453238
908.0 1.349266092271682
909.0 1.3503518284731366
910.0 1.3510466996420676
911.0 1.3524364419799293
912.0 1.3538696137658497
913.0 1.3549553499673042
914.0 1.355867368376526
915.0 1.3566490984415733
916.0 1.357474257954679
917.0 1.3578651229872025
918.0 1.3583428469158425
919.0 1.3581691291236098
920.0 1.35864685305225
921.0 1.3594720125653554
922.0 1.3598628775978792
923.0 1.3598628775978792
924.0 1.3598628775978792
925.0 1.3598628775978792
926.0 1.3600365953901117
927.0 1.3599497364939954
928.0 1.3595588714614717
929.0 1.3596457303575882
930.0 1.359168006428948
931.0 1.3589508591886572
932.0 1.35864685305225
933.0 1.3580388407794355
934.0 1.3573439696105043
935.0 1.356562239545457
936.0 1.3553462149998279
937.0 1.3545644849347804
938.0 1.3541736199022567
939.0 1.352957595356628
940.0 1.3516547119148823
941.0 1.3507426935056603
942.0 1.3498741045444966
943.0 1.34835407386246
944.0 1.3464431781478998
945.0 1.3449665769139216
946.0 1.3441414174008162
947.0 1.3424476689265472
948.0 1.3406670615561616
949.0 1.3390601719780086
950.0 1.337062417367332
951.0 1.3350646627566556
952.0 1.3328497609056882
953.0 1.330982294639186
954.0 1.3289411105804516
955.0 1.3259444786644368
956.0 1.323642717917353
957.0 1.3213843866183272
958.0 1.3195603497998836
959.0 1.3168677240202762
960.0 1.3140448098964943
961.0 1.3119601963897012
962.0 1.3095715767465013
963.0 1.306661803726603
964.0 1.303882319050879
965.0 1.3014502699596204
966.0 1.2991485092125368
967.0 1.2962821656406966
968.0 1.2924603742115766
969.0 1.2896808895358525
970.0 1.2864671103795469
971.0 1.2834704784635322
972.0 1.2803869876514011
973.0 1.2769560612548043
974.0 1.2731776992737425
975.0 1.2688781839159822
976.0 1.2652735397271528
977.0 1.2620597605708472
978.0 1.2586722636223087
979.0 1.2545898955048393
980.0 1.2509852513160098
981.0 1.2466857359582497
982.0 1.2426902267368969
983.0 1.238998723651951
984.0 1.234786067190307
985.0 1.2301825456961397
986.0 1.2257093125461467
987.0 1.2215835149806191
988.0 1.2169799934864514
989.0 1.2129844842650985
990.0 1.2083809627709308
991.0 1.2039945885170542
992.0 1.1989133430942467
993.0 1.193614950431148
994.0 1.1890114289369804
995.0 1.1844947663389291
996.0 1.1785883614030161
997.0 1.1729859626035104
998.0 1.1691207417263318
999.0 1.1633880545826516
1000.0 1.1573079318545054
1001.0 1.1526175514642216
1002.0 1.1473191588011231
1003.0 1.1414996127613264
1004.0 1.1358103550657042
1005.0 1.1299039501297912
1006.0 1.1249964224992162
1007.0 1.1198283181802922
1008.0 1.1133139009715647
1009.0 1.1075377843798262
1010.0 1.1005022137944
1011.0 1.094639238306545
1012.0 1.0887328333706319
1013.0 1.0820446983696717
1014.0 1.0755302811609437
1015.0 1.070145029601729
1016.0 1.064716348594456
1017.0 1.0577242074570883
1018.0 1.049950336254673
1019.0 1.044738802487691
1020.0 1.0375295141100325
1021.0 1.0306242318687808
1022.0 1.0239360968678204
1023.0 1.0169439557304527
1024.0 1.0096478084566776
1025.0 1.0027425262154264
1026.0 0.9970532685198042
1027.0 0.9888451028368072
1028.0 0.9834598512775923
1029.0 0.9736447960164427
1030.0 0.9661749309504348
1031.0 0.9597473726378236
1032.0 0.9514523480587102
1033.0 0.9412464277650369
1034.0 0.9323433909131089
1035.0 0.926480415425254
1036.0 0.9197488509762354
1037.0 0.9116709736374131
1038.0 0.9042879674675217
1039.0 0.8940820471738482
1040.0 0.8875676299651205
1041.0 0.878056580840378
1042.0 0.8668952126894246
