5.003636363636363740e+02 4.732942740458181419e+01 4.020732236436364104e+01 5.124089495431481822e+01 7.274170825701283150e+01 4.777654756581820083e-04 1.894727272727272580e-02
5.010909090909091219e+02 4.704809337054544471e+01 4.086041922909093671e+01 5.100374463275796444e+01 7.289708260561906172e+01 4.938417061745461025e-04 1.870727272727271129e-02
5.018181818181818130e+02 4.676675933650909656e+01 4.151351609381817553e+01 5.076659431120112487e+01 7.305245695422526353e+01 5.099179366909088957e-04 1.836545454545454939e-02
5.025454545454545610e+02 4.648040148043635611e+01 4.218419633567274474e+01 5.052944398964426398e+01 7.320783130283149376e+01 5.269989316145458000e-04 1.799636363636362979e-02
5.032727272727272521e+02 4.619236901701818709e+01 4.286073770323634591e+01 5.029229366808741730e+01 7.337116747427862151e+01 5.449172302109085101e-04 1.761818181818182796e-02
5.040000000000000000e+02 4.590433655359999676e+01 4.353727907080000392e+01 5.005514334653056352e+01 7.354777335046057374e+01 5.636728324799999534e-04 1.723999999999999838e-02
5.047272727272727479e+02 4.571343131621816980e+01 4.427745551749092812e+01 4.986846973031204300e+01 7.377674607472235380e+01 5.824284347490913966e-04 1.694181818181817248e-02
5.054545454545454390e+02 4.552252607883636415e+01 4.501763196418180257e+01 4.968602516142297532e+01 7.400571879898411964e+01 5.995094296727268915e-04 1.667090909090909734e-02
5.061818181818181870e+02 4.534166848552726492e+01 4.575027267781818807e+01 4.950611802093156655e+01 7.423469152324589970e+01 6.155856601890909857e-04 1.642909090909090708e-02
5.069090909090908781e+02 4.519095382443636311e+01 4.646030619229087932e+01 4.932621088044017199e+01 7.446366424750766555e+01 6.316618907054537789e-04 1.622545454545455679e-02
5.076363636363636260e+02 4.504023916334545419e+01 4.717033970676362742e+01 4.914630373994875612e+01 7.469263697176945982e+01 6.538923032163632522e-04 1.592000000000000359e-02
5.083636363636363740e+02 4.495818340341817532e+01 4.789879390203637399e+01 4.897140460293556430e+01 7.490161659504747149e+01 6.805185600090912562e-04 1.560727272727272311e-02
5.090909090909091219e+02 4.494478654465454071e+01 4.864566877810911905e+01 4.880332806751668073e+01 7.508946819461635869e+01 7.106614922272739329e-04 1.530999999999998855e-02
5.098181818181818130e+02 4.493138968589090609e+01 4.939254365418180726e+01 4.864795371891047182e+01 7.526937533510773903e+01 7.408044244454542243e-04 1.507000000000000006e-02
5.105454545454545610e+02 4.503605264498182237e+01 5.010676368701819428e+01 4.849257937030426291e+01 7.544928247559914780e+01 7.719521210709097110e-04 1.486818181818181511e-02
5.112727272727272521e+02 4.518006887669090332e+01 5.081009877210907177e+01 4.833720502169806110e+01 7.562918961609052815e+01 8.034347391654535686e-04 1.470090909090909607e-02
5.120000000000000000e+02 4.532408510839999849e+01 5.151343385719999901e+01 4.818183067309184509e+01 7.580909675658193692e+01 8.349173572599999198e-04 1.457000000000000135e-02
5.127272727272727479e+02 4.572934008600000766e+01 5.226030873327274406e+01 4.802645632448562907e+01 7.592757817943233078e+01 8.586967815654551967e-04 1.438818181818181212e-02
5.134545454545454959e+02 4.613459506360001683e+01 5.300718360934549622e+01 4.788541443343044079e+01 7.597200871300123026e+01 8.776617097527282269e-04 1.418818181818180639e-02
5.141818181818182438e+02 4.660013590563641372e+01 5.374233623400005655e+01 4.775337223185675839e+01 7.597200871300123026e+01 8.937379402690923211e-04 1.396636363636361532e-02
5.149090909090908781e+02 4.724653434098178906e+01 5.444232210439997033e+01 4.762253067513578486e+01 7.597200871300123026e+01 9.098141707854538133e-04 1.371181818181819306e-02
5.156363636363636260e+02 4.789293277632726387e+01 5.514230797479999069e+01 4.749168911841477581e+01 7.597200871300123026e+01 9.135820373127272577e-04 1.343818181818182307e-02
5.163636363636363740e+02 4.874028409312728627e+01 5.586741295538183039e+01 4.736084756169377386e+01 7.597200871300123026e+01 9.155915661272726611e-04 1.318363636363636092e-02
5.170909090909091219e+02 4.978858829138186337e+01 5.661763704614548232e+01 4.722953454391770123e+01 7.595249090026467798e+01 9.178941512272728283e-04 1.295454545454544602e-02
5.178181818181818699e+02 5.083689248963644047e+01 5.736786113690914135e+01 4.709492129875613387e+01 7.579634839837227389e+01 9.222481303254548247e-04 1.275090909090907665e-02
5.185454545454545041e+02 5.218662601007264357e+01 5.813064478276358926e+01 4.695700362195368172e+01 7.562238241753064472e+01 9.283604471363632359e-04 1.256909090909091864e-02
5.192727272727272521e+02 5.363683597123632296e+01 5.889761494698179689e+01 4.905686394904803649e+01 6.629705128022892779e+01 9.350588765181816085e-04 1.241909090909091261e-02
5.200000000000000000e+02 5.508704593239999525e+01 5.966458511119999741e+01 5.488819007799379790e+01 4.172934681490749398e+01 9.417573058999999811e-04 1.231000000000000150e-02
5.207272727272727479e+02 5.708987631756369296e+01 6.053203171614547529e+01 5.408142621942555905e+01 4.124371068472566293e+01 9.464462064672728419e-04 1.216454545454545219e-02
5.214545454545454959e+02 5.909270670272738357e+01 6.139947832109095316e+01 5.336192510299937197e+01 4.090642069287052607e+01 9.511351070345457027e-04 1.200999999999999117e-02
5.221818181818182438e+02 6.121527151309111758e+01 6.227948448112734781e+01 5.271162776310184483e+01 4.058559690571729561e+01 9.553216253981819958e-04 1.184636363636362190e-02
5.229090909090908781e+02 6.369703959905444179e+01 6.319716930643632224e+01 5.211186881693472372e+01 4.004714868368194658e+01 9.580009971509089112e-04 1.167181818181818945e-02
5.236363636363636260e+02 6.617880768501814259e+01 6.411485413174543169e+01 5.172935396045638612e+01 3.970948064921855547e+01 9.589220311909090865e-04 1.152272727272727476e-02
5.243636363636363740e+02 6.894358441236369117e+01 6.508612639210909379e+01 5.136785814740044742e+01 3.935466317025628769e+01 9.595918741290909238e-04 1.140272727272727098e-02
5.250909090909091219e+02 7.199136978109105200e+01 6.611098608752730854e+01 5.102161486737283980e+01 3.896577475822116554e+01 9.610990207400003016e-04 1.130272727272726464e-02
5.258181818181818699e+02 7.503915514981839863e+01 6.713584578294552330e+01 5.085225010427559056e+01 3.865921611374021438e+01 9.684672930600005114e-04 1.116454545454544436e-02
5.265454545454545041e+02 7.836325073054526058e+01 6.821345560974538103e+01 5.060047833236040304e+01 3.823747127760957198e+01 9.758355653799996371e-04 1.101000000000000936e-02
5.272727272727272521e+02 8.177944971527261941e+01 6.930864881367268993e+01 5.033284698225412512e+01 3.784107078634865218e+01 9.825758599454545439e-04 1.083636363636364223e-02
5.280000000000000000e+02 8.519564869999999246e+01 7.040384201759999883e+01 5.008456467339499341e+01 3.755090319856500258e+01 9.882695249199999980e-04 1.064000000000000015e-02
5.287272727272727479e+02 8.887978486000010037e+01 7.162965459447275407e+01 4.991277172964684183e+01 3.716421459260404703e+01 9.922885825490910215e-04 1.047999999999999626e-02
5.294545454545454959e+02 9.256392102000020827e+01 7.285546717134552352e+01 4.979333538455433938e+01 3.687996590448291556e+01 9.963076401781820451e-04 1.036999999999999554e-02
5.301818181818182438e+02 9.622293806981848263e+01 7.411058537676375124e+01 4.969438618572611688e+01 3.664564730897384948e+01 1.001498922949091690e-03 1.028454545454544553e-02
5.309090909090908781e+02 9.980659778909074475e+01 7.545362046781812637e+01 4.956265654811064536e+01 3.637672713918937717e+01 1.010206881145454165e-03 1.018272727272727558e-02
5.316363636363636260e+02 1.033902575083635895e+02 7.679665555887270045e+01 4.945748660164588983e+01 3.611896069162925471e+01 1.018914839341817941e-03 1.007454545454545582e-02
5.323636363636363740e+02 1.068232025665455041e+02 7.823011944658183836e+01 4.932059833610272648e+01 3.589040776921059717e+01 1.026283111661818260e-03 9.979999999999999288e-03
5.330909090909091219e+02 1.101054329636365026e+02 7.975401213094551167e+01 4.915707544073010382e+01 3.569053731207896618e+01 1.031976776636363714e-03 9.903636363636360990e-03
5.338181818181817562e+02 1.133876633607270037e+02 8.127790481530895761e+01 4.905569806125099319e+01 3.549810315819077289e+01 1.035325991327272358e-03 9.852727272727276886e-03
5.345454545454545041e+02 1.162679879949089496e+02 8.288720247429081667e+01 4.897845261092353297e+01 3.535210921520668848e+01 1.038675206018181653e-03 9.807272727272730445e-03
5.352727272727272521e+02 1.190143440414544784e+02 8.452496845814540904e+01 4.891061573264059348e+01 3.523502590276045510e+01 1.044285140625454255e-03 9.758181818181820358e-03
5.360000000000000000e+02 1.217607000880000072e+02 8.616273444200000142e+01 4.884505318045869871e+01 3.514032685737500117e+01 1.053662941759999977e-03 9.700000000000000289e-03
5.367272727272727479e+02 1.240381660778182464e+02 8.799140566323640655e+01 4.875703246916691569e+01 3.506080477836140119e+01 1.063040742894545698e-03 9.561818181818178275e-03
5.374545454545454959e+02 1.263156320676364857e+02 8.982007688447282590e+01 4.869594886365636199e+01 3.499380248251425485e+01 1.071162588520000380e-03 9.409999999999989553e-03
5.381818181818182438e+02 1.283753991025455718e+02 9.166800609018197576e+01 4.864738525063817320e+01 3.495434454693698001e+01 1.078028478636364022e-03 9.260909090909080071e-03
5.389090909090908781e+02 1.297820692727271989e+02 9.357370924930900458e+01 4.858789482469090615e+01 3.497498408246971024e+01 1.083387222141817853e-03 9.144545454545460750e-03
5.396363636363636260e+02 1.311887394429090534e+02 9.547941240843633182e+01 4.857727153434318268e+01 3.500305992124584265e+01 1.088745965647272551e-03 9.021818181818184665e-03
5.403636363636363740e+02 1.322269959970909099e+02 9.742028232181820613e+01 4.853811753999910650e+01 3.503948263100948424e+01 1.096449159436363625e-03 8.901818181818180881e-03
5.410909090909091219e+02 1.328968389352727399e+02 9.939631898945462751e+01 4.846550028572264779e+01 3.509472353149175206e+01 1.106496803509091076e-03 8.785454545454540742e-03
5.418181818181817562e+02 1.335666818734544847e+02 1.013723556570907363e+02 4.840722227549349554e+01 3.523069997333529813e+01 1.116544447581817008e-03 8.669090909090919686e-03
5.425454545454545041e+02 1.332819986247272936e+02 1.032730349941817138e+02 4.831935269751464546e+01 3.537487403678670006e+01 1.128350429367271741e-03 8.558181818181824149e-03
5.432727272727272521e+02 1.326791399803636580e+02 1.051485952210908579e+02 4.822913113351909686e+01 3.552564961171980684e+01 1.141621692579999426e-03 8.465454545454546842e-03
5.440000000000000000e+02 1.320762813359999939e+02 1.070241554479999877e+02 4.815142935268999480e+01 3.568287347156249467e+01 1.156358237219999845e-03 8.399999999999999481e-03
5.447272727272727479e+02 1.303681818436363073e+02 1.087992392341818686e+02 4.804580349437544839e+01 3.588016398675253527e+01 1.171094781860000265e-03 8.349090909090906704e-03
5.454545454545454959e+02 1.286600823512726208e+02 1.105743230203637353e+02 4.795573369167058075e+01 3.609225070446926509e+01 1.187505933845455332e-03 8.307272727272723908e-03
5.461818181818182438e+02 1.266756726469088363e+02 1.122740494760001297e+02 4.786665044201810559e+01 3.632748070502609750e+01 1.204921850238183101e-03 8.269090909090904759e-03
5.469090909090908781e+02 1.238623323065455679e+02 1.137477039399999370e+02 4.775252595142539036e+01 3.660550738955515016e+01 1.222337766630908268e-03 8.225454545454547947e-03
5.476363636363636260e+02 1.210489919661818590e+02 1.152213584039999859e+02 4.760759391882425007e+01 3.689575012534342591e+01 1.240339795594545347e-03 8.111818181818183579e-03
5.483636363636363740e+02 1.180012065974544981e+02 1.165777903538182017e+02 4.746099209337377545e+01 3.720928853324023322e+01 1.258760476394545818e-03 7.977272727272725211e-03
5.490909090909091219e+02 1.147189762003634996e+02 1.178169997894545986e+02 4.730847136826078980e+01 3.754187329710648413e+01 1.277516078663637261e-03 7.839090909090906667e-03
5.498181818181817562e+02 1.114367458032729985e+02 1.190562092250908108e+02 4.709539935344721329e+01 3.785692889925822868e+01 1.296271680932725668e-03 7.751818181818189574e-03
5.505454545454545041e+02 1.081293962960001807e+02 1.199939893385454042e+02 4.685045621163492058e+01 3.818928654450325411e+01 1.315027283201817112e-03 7.675454545454549540e-03
5.512727272727272521e+02 1.048136737520000850e+02 1.208312930112727059e+02 4.661469452324591600e+01 3.852058165138758739e+01 1.333782885470908338e-03 7.621818181818182728e-03
5.520000000000000000e+02 1.014979512079999893e+02 1.216685966840000077e+02 4.641194143889499912e+01 3.884049361484120055e+01 1.352538487739999781e-03 7.599999999999999985e-03
5.527272727272727479e+02 9.865111872072718313e+01 1.221374867407272831e+02 4.614969792859680808e+01 3.913491135606761162e+01 1.362921053281818421e-03 7.578181818181818109e-03
5.534545454545454959e+02 9.580428623345437700e+01 1.226063767974545584e+02 4.587151948277702473e+01 3.939556168680250892e+01 1.368070470869090990e-03 7.519999999999995438e-03
5.541818181818182438e+02 9.309309694116343792e+01 1.229664173767272644e+02 4.557679905627292527e+01 3.963018464219660331e+01 1.370079999683636394e-03 7.436363636363628113e-03
5.549090909090908781e+02 9.078883723381827053e+01 1.229999095236363473e+02 4.526113557165478340e+01 3.984750681045294840e+01 1.372089528498181580e-03 7.341818181818185463e-03
5.556363636363636260e+02 8.848457752647274788e+01 1.230334016705454445e+02 4.496778099676681961e+01 4.007492183718036927e+01 1.378201845309090642e-03 7.272727272727273588e-03
5.563636363636363740e+02 8.655040604247270153e+01 1.229329252298181672e+02 4.463663827915092241e+01 4.032047118685171938e+01 1.384900274690909231e-03 7.218181818181817165e-03
5.570909090909091219e+02 8.498632278181811728e+01 1.226984802014545295e+02 4.427036292740513801e+01 4.057466988346234160e+01 1.391724299623636665e-03 7.172727272727269857e-03
5.578181818181817562e+02 8.342223952116377461e+01 1.224640351730909202e+02 4.394498504557601848e+01 4.077256660651141118e+01 1.399427493412726438e-03 7.114545454545459328e-03
5.585454545454545041e+02 8.240826477349095569e+01 1.219532799327272983e+02 4.357863412717377827e+01 4.085072429919031833e+01 1.407884260507272093e-03 7.067272727272729330e-03
5.592727272727272521e+02 8.157765953014548188e+01 1.213504212883636484e+02 4.320682001163289954e+01 4.096932627117294601e+01 1.416592218703635869e-03 7.023636363636363844e-03
5.600000000000000000e+02 8.074705428679999386e+01 1.207475626439999985e+02 4.284866336562379274e+01 4.122185705886749929e+01 1.425300176899999861e-03 6.979999999999999226e-03
5.607272727272727479e+02 8.075375271618180761e+01 1.199772432650908911e+02 4.243830083562014721e+01 4.139790015605841234e+01 1.439366878601818552e-03 6.921818181818180024e-03
5.614545454545454959e+02 8.076045114556363558e+01 1.192069238861817837e+02 4.200896814428126902e+01 4.157394325324932538e+01 1.453433580303637243e-03 6.863636363636360822e-03
5.621818181818182438e+02 8.099405887025461936e+01 1.183863662869090234e+02 4.159799815046307003e+01 4.173739037263956675e+01 1.465909405027273488e-03 6.803636363636358930e-03
5.629090909090908781e+02 8.190839448087268693e+01 1.174150940265455034e+02 4.127626253961031466e+01 4.186304955862776467e+01 1.473612598816363478e-03 6.738181818181821978e-03
5.636363636363636260e+02 8.282273009149089660e+01 1.164438217661818271e+02 4.096408935535188789e+01 4.196905345955055111e+01 1.475747723181818375e-03 6.660000000000000989e-03
5.643636363636363740e+02 8.423777329840002892e+01 1.153888191385454434e+02 4.065813859333732694e+01 4.203795266686826437e+01 1.477087409058181833e-03 6.587272727272726336e-03
5.650909090909091219e+02 8.615352410160008390e+01 1.142500861436363238e+02 4.035863779083970826e+01 4.206830576230829877e+01 1.480771545218182751e-03 6.524545454545453010e-03
5.658181818181817562e+02 8.806927490479984044e+01 1.131113531487273747e+02 4.007029217584796044e+01 4.206891364477469608e+01 1.500866833363634616e-03 6.480909090909094464e-03
5.665454545454545041e+02 9.077376576770892314e+01 1.118219054927273390e+02 3.979970200388819279e+01 4.205221948414786226e+01 1.520962121509089734e-03 6.437272727272729846e-03
5.672727272727272521e+02 9.374116998385446209e+01 1.104822196163636647e+02 3.955551808718114160e+01 4.201996968656317932e+01 1.540178240798181211e-03 6.396363636363637528e-03
5.680000000000000000e+02 9.670857420000000104e+01 1.091425337399999904e+02 3.934548046087749640e+01 4.197140607354499764e+01 1.557929078659999952e-03 6.360000000000000202e-03
5.687272727272727479e+02 1.006606475352728438e+02 1.077023714229090388e+02 3.915669025257298586e+01 4.190705928629590460e+01 1.573335466238182318e-03 6.316363636363635584e-03
5.694545454545454959e+02 1.046127208705456724e+02 1.062622091058180871e+02 3.898914557833433747e+01 4.181122150791554049e+01 1.588741853816364466e-03 6.295454545454545053e-03
5.701818181818182438e+02 1.087238819036367516e+02 1.047969276785453161e+02 3.884011515358110955e+01 4.170893397934415958e+01 1.606660152412729345e-03 6.297272727272730346e-03
5.709090909090908781e+02 1.133123060301816309e+02 1.032562889207273429e+02 3.870838551596563804e+01 4.164398098423602335e+01 1.632114184063635258e-03 6.326363636363635176e-03
5.716363636363636260e+02 1.179007301567272066e+02 1.017156501629091139e+02 3.861171420177907265e+01 4.159230636942181292e+01 1.657568215714545073e-03 6.368181818181817104e-03
5.723636363636363740e+02 1.224054239160000606e+02 1.001582653316363434e+02 3.853037098727728704e+01 4.152704943308046381e+01 1.683189708100000376e-03 6.364545454545453458e-03
5.730909090909091219e+02 1.268263873080001787e+02 9.858413442690903139e+01 3.846943956170925105e+01 4.145367358167652583e+01 1.709020526403637590e-03 6.302727272727267141e-03
5.738181818181817562e+02 1.312473506999996289e+02 9.701000352218196099e+01 3.847915228431288881e+01 4.143181995581834798e+01 1.735144400992725015e-03 6.164545454545465944e-03
5.745454545454545041e+02 1.345881923541816434e+02 9.543587261745463479e+01 3.850662044994854227e+01 4.143181869986283772e+01 1.761268275581816777e-03 5.999090909090918321e-03
5.752727272727272521e+02 1.375689934290908241e+02 9.386174171272732281e+01 3.855776379558240308e+01 4.146118377696905100e+01 1.793671927716362436e-03 5.846363636363639121e-03
5.760000000000000000e+02 1.405497945040000047e+02 9.228761080799999661e+01 3.863850163952879768e+01 4.152735253700999607e+01 1.836541875760000020e-03 5.729999999999999850e-03
5.767272727272727479e+02 1.408847159730909198e+02 9.076036890894540932e+01 3.875748081681599899e+01 4.161901719388549736e+01 1.879411823803637822e-03 5.649999999999997906e-03
5.774545454545454959e+02 1.412196374421818348e+02 8.923312700989082202e+01 3.889201709634247806e+01 4.175431269851721794e+01 1.921444468174547974e-03 5.624545454545454987e-03
5.781818181818182438e+02 1.406837630916360808e+02 8.773351613203624311e+01 3.905546463438455618e+01 4.193323905090517201e+01 1.962639808872730911e-03 5.635454545454546792e-03
5.789090909090908781e+02 1.375355012821819400e+02 8.631679831778187406e+01 3.927764316394271304e+01 4.216452242060056221e+01 2.002830385163634642e-03 5.657272727272725198e-03
5.796363636363636260e+02 1.343872394727273161e+02 8.490008050352729185e+01 3.953806553875272556e+01 4.247919935216636134e+01 2.043020961454544877e-03 5.659999999999999233e-03
5.803636363636363740e+02 1.297653231992726433e+02 8.351015640679997887e+01 3.980668344191138175e+01 4.284464054012818934e+01 2.094263946225455482e-03 5.652727272727271941e-03
5.810909090909091219e+02 1.236697524618179216e+02 8.214702602759994932e+01 4.008030967698846325e+01 4.325561011529456579e+01 2.156559339476366022e-03 5.638181818181816490e-03
5.818181818181817562e+02 1.175741817243641520e+02 8.078389564840011872e+01 4.036986938230565869e+01 4.371332216799086723e+01 2.218854732727267454e-03 5.623636363636365376e-03
5.825454545454545041e+02 1.102226554778186198e+02 7.943583673530916656e+01 4.072089303832679263e+01 4.427802655859566983e+01 2.285671565810905043e-03 5.620000000000000863e-03
5.832727272727272521e+02 1.024524773949093088e+02 7.809280164425459247e+01 4.109536370909531655e+01 4.489592254894375145e+01 2.356256265421816185e-03 5.606363636363638492e-03
5.840000000000000000e+02 9.468229931199999783e+01 7.674976655320000418e+01 4.147476609849619678e+01 4.554303101780369900e+01 2.430608831560000013e-03 5.570000000000000298e-03
5.847272727272727479e+02 8.683843850589067870e+01 7.530960423610905252e+01 4.190698392896537428e+01 4.637589865567288427e+01 2.504961397698183840e-03 5.504545454545452937e-03
5.854545454545454959e+02 7.899457769978137378e+01 7.386944191901810086e+01 4.233920071280495989e+01 4.730209739405221114e+01 2.583081830363640786e-03 5.448181818181815558e-03
5.861818181818182438e+02 7.139437226243578039e+01 7.238657711461803501e+01 4.277096137546882915e+01 4.829582948813312271e+01 2.663462982945461258e-03 5.389999999999993754e-03
5.869090909090908781e+02 6.452513293138210315e+01 7.077560484829096765e+01 4.320135555853873655e+01 4.932416566840034022e+01 2.743844135527269152e-03 5.310000000000003086e-03
5.876363636363636260e+02 5.765589360032736721e+01 6.916463258196364450e+01 4.363440629683635308e+01 5.045342164168968679e+01 2.827448907249089424e-03 5.236363636363637088e-03
5.883636363636363740e+02 5.150003699843627913e+01 6.744313623083633047e+01 4.408756509216043895e+01 5.172153898662699589e+01 2.913356264070910296e-03 5.170909090909089727e-03
5.890909090909091219e+02 4.605756312570885314e+01 6.561111579490901136e+01 4.455931454093008881e+01 5.314528743049557136e+01 3.001105688972730869e-03 5.110909090909087835e-03
5.898181818181817562e+02 4.061508925298227268e+01 6.377909535898196935e+01 4.502309871986101086e+01 5.478734375836895509e+01 3.088855113874537997e-03 5.038181818181824458e-03
5.905454545454545041e+02 3.624017756298204063e+01 6.180389599501829423e+01 4.545410120404923049e+01 5.647993722401739802e+01 3.193685533699993414e-03 4.970909090909095274e-03
5.912727272727272521e+02 3.222111993389101769e+01 5.978097032170914105e+01 4.586074526844229382e+01 5.823035195074153592e+01 3.304209618499996670e-03 4.916363636363637983e-03
5.920000000000000000e+02 2.820206230479999832e+01 5.775804464839999497e+01 4.624500401914500003e+01 6.004905925827250002e+01 3.414733703299999926e-03 4.879999999999999789e-03
5.927272727272727479e+02 2.536862667629082679e+01 5.560784881683629521e+01 4.664990230538042937e+01 6.227084455385438133e+01 3.522243494878184861e-03 4.858181818181817914e-03
5.934545454545454959e+02 2.253519104778165882e+01 5.345765298527259546e+01 4.701003205749430691e+01 6.435718342081752041e+01 3.627869353192733452e-03 4.854545454545455135e-03
5.941818181818182438e+02 1.992280358887256142e+01 5.129824681330890002e+01 4.733662277369342775e+01 6.645619404156374799e+01 3.732364851549100065e-03 4.861818181818182427e-03
5.949090909090908781e+02 1.797356063876371834e+01 4.911120962014553726e+01 4.764317974356698215e+01 6.883702349517245977e+01 3.836860349905450197e-03 4.869090909090908852e-03
5.956363636363636260e+02 1.602431768865457329e+01 4.692417242698184054e+01 4.790087104312247845e+01 7.135914564096917445e+01 3.998208767639998065e-03 4.819090909090910022e-03
5.963636363636363740e+02 1.437985327541816183e+01 4.476895277338178403e+01 4.812487070816884938e+01 7.416005202179289313e+01 4.167679031000001699e-03 4.764545454545453598e-03
5.970909090909091219e+02 1.304016739905448752e+01 4.264555065934535349e+01 4.831168822902041171e+01 7.717251217654563789e+01 4.339075092807280487e-03 4.715454545454543511e-03
5.978181818181817562e+02 1.170048152269102282e+01 4.052214854530926402e+01 4.842520651175406954e+01 7.985565179579982953e+01 4.523951743745438514e-03 4.679090909090912256e-03
5.985454545454545041e+02 1.067478452360005114e+01 3.852685389320010501e+01 4.850139026102451112e+01 8.295082394723331731e+01 4.720383185367261342e-03 4.642727272727274930e-03
5.992727272727272521e+02 9.753750483600025944e+00 3.657426172840005307e+01 4.851504856785996367e+01 8.620041310727263806e+01 4.920666223883630140e-03 4.630909090909090045e-03
6.000000000000000000e+02 8.832716443599998968e+00 3.462166956360000114e+01 4.844523921145000145e+01 8.947845698599999764e+01 5.120949262399999806e-03 4.660000000000000080e-03
6.007272727272727479e+02 8.203064081709072752e+00 3.186526587298174107e+01 4.821516993208003043e+01 9.250761234800917521e+01 5.285730625192731555e-03 4.696363636363637406e-03
6.014545454545454959e+02 7.573411719818145649e+00 2.910886218236347744e+01 4.794108883178273572e+01 9.518771674145013151e+01 5.450511987985463304e-03 4.746363636363639706e-03
6.021818181818182438e+02 6.985624541563597134e+00 2.675185234363626208e+01 4.759537577430585742e+01 9.748993552109332938e+01 5.603654829727282988e-03 4.804545454545459775e-03
6.029090909090908781e+02 6.523432914218201262e+00 2.559302406058186463e+01 4.711398812295951899e+01 9.928678920276583142e+01 5.721882108316358670e-03 4.862727272727270303e-03
6.036363636363636260e+02 6.061241286872733447e+00 2.443419577752728600e+01 4.651255875596521605e+01 1.000903652369261323e+02 5.799374563227271615e-03 4.870000000000000197e-03
6.043636363636363740e+02 5.655986309272722501e+00 2.334821291399998344e+01 4.582265234717748825e+01 1.001632106564534013e+02 5.871047757612728527e-03 4.859090909090908392e-03
6.050909090909091219e+02 5.307667981418167535e+00 2.233507546999995697e+01 4.504631756935757636e+01 9.948787291291925783e+01 5.938115781798182502e-03 4.836363636363635171e-03
6.058181818181817562e+02 4.959349653563665861e+00 2.132193802600008681e+01 4.416428178521863401e+01 9.769708968287402229e+01 5.972947614583632402e-03 4.807272727272729473e-03
6.065454545454545041e+02 4.698948211345467918e+00 2.045951524309095504e+01 4.320074956000566857e+01 9.498663303129676194e+01 6.007779447369088373e-03 4.772727272727274837e-03
6.072727272727272521e+02 4.467852397672734455e+00 1.964733068054547616e+01 4.221164503399801760e+01 9.172148886227736853e+01 6.037964244770908234e-03 4.736363636363637511e-03
6.080000000000000000e+02 4.236756584000000103e+00 1.883514611799999727e+01 4.122519580726249444e+01 8.804279517614999406e+01 6.060403983199999511e-03 4.699999999999999317e-03
6.087272727272727479e+02 4.025756058472721222e+00 1.818037464592725172e+01 4.018472039834792042e+01 8.351363205434536496e+01 6.070451627272726962e-03 4.692727272727272025e-03
6.094545454545454959e+02 3.814755532945442784e+00 1.752560317385450617e+01 3.907860770789866223e+01 7.870750353041678693e+01 6.080499271345454412e-03 4.667272727272724769e-03
6.101818181818182438e+02 3.613802651490894746e+00 1.690348654501813641e+01 3.794449537330748967e+01 7.369103343895137925e+01 6.091551679825455215e-03 4.629090909090905620e-03
6.109090909090908781e+02 3.442992702254552562e+00 1.637933444589092957e+01 3.684453121305315193e+01 6.854207636869931264e+01 6.105618381527271737e-03 4.585454545454547073e-03
6.116363636363636260e+02 3.272182753018184176e+00 1.585518234676364102e+01 3.581998948370465996e+01 6.414949757120460561e+01 6.119685083229089995e-03 4.554545454545454349e-03
6.123636363636363740e+02 3.118118877236361275e+00 1.538294307534544814e+01 3.477587180381372178e+01 5.954050675454581665e+01 6.132412099054545228e-03 4.496363636363635147e-03
6.130909090909091219e+02 2.980801074909084747e+00 1.496261663163634559e+01 3.370906717158431576e+01 5.467686028279703692e+01 6.143464507534545163e-03 4.406363636363631875e-03
6.138181818181817562e+02 2.843483272581829535e+00 1.454229018792730876e+01 3.269590795768895930e+01 5.030188663232581803e+01 6.152172465730907855e-03 4.297272727272736376e-03
6.145454545454545041e+02 2.723748847381824767e+00 1.417973769763638181e+01 3.173783872028868913e+01 4.627702565147908587e+01 6.160880423927271414e-03 4.242727272727274748e-03
6.152727272727272521e+02 2.609875547890912362e+00 1.383644319181819071e+01 3.081566155144946961e+01 4.254961659104282035e+01 6.173607439752725780e-03 4.222727272727272094e-03
6.160000000000000000e+02 2.496002248399999957e+00 1.349314868599999961e+01 2.992269895438129979e+01 3.912345369260999917e+01 6.193032884959999602e-03 4.230000000000000253e-03
6.167272727272727479e+02 2.398875022363633480e+00 1.320176700789090063e+01 2.903034256517218381e+01 3.592007720620176059e+01 6.212458330167273425e-03 4.280909090909092163e-03
6.174545454545454959e+02 2.301747796327267004e+00 1.291038532978180164e+01 2.824383915289885039e+01 3.307144221344751145e+01 6.235860967820001412e-03 4.331818181818184940e-03
6.181818181818182438e+02 2.208807088654538564e+00 1.262988859941816067e+01 2.751675018126448080e+01 3.048072501089221831e+01 6.263240797918184430e-03 4.366363636363635239e-03
6.189090909090908781e+02 2.128425936072730895e+00 1.238204671229091858e+01 2.677736917306275544e+01 2.802522649035704205e+01 6.295393258950907414e-03 4.351818181818182391e-03
6.196363636363636260e+02 2.048044783490910348e+00 1.213420482516363919e+01 2.607516968107796274e+01 2.589745720968957343e+01 6.327545719983635603e-03 4.318181818181818232e-03
6.203636363636363740e+02 1.972687452945453446e+00 1.190729552985454198e+01 2.541591863435612453e+01 2.402199117944361006e+01 6.362042631300000167e-03 4.281818181818181773e-03
6.210909090909091219e+02 1.902353944436360411e+00 1.170131882636362697e+01 2.480454837950736646e+01 2.238281747878925643e+01 6.398883992900001108e-03 4.257272727272730199e-03
6.218181818181817562e+02 1.832020435927278701e+00 1.149534212287274393e+01 2.426488606714656626e+01 2.095929657219398479e+01 6.435725354499996845e-03 4.315454545454539860e-03
6.225454545454545041e+02 1.771734571490912291e+00 1.130946070752728261e+01 2.372431193108607772e+01 1.962774300775166481e+01 6.464779791943635161e-03 4.368181818181815328e-03
6.232727272727272521e+02 1.714797921745456089e+00 1.113027772156364215e+01 2.321507639688842062e+01 1.841539793713991457e+01 6.487345125923635498e-03 4.394545454545454796e-03
6.240000000000000000e+02 1.657861271999999886e+00 1.095109473559999991e+01 2.275857843451749929e+01 1.735064072171624971e+01 6.503421356440000460e-03 4.380000000000000213e-03
6.247272727272727479e+02 1.604273836945453002e+00 1.079703085981817878e+01 2.232029182702839520e+01 1.648681545515531610e+01 6.519497586956364554e-03 4.336363636363635594e-03
6.254545454545454959e+02 1.550686401890906119e+00 1.064296698403635588e+01 2.190628702604838551e+01 1.569014455972109268e+01 6.554831801945457635e-03 4.292727272727270109e-03
6.261818181818182438e+02 1.498773574181814228e+00 1.049350827845453438e+01 2.150882420575269194e+01 1.494742480312425670e+01 6.601720807618186027e-03 4.256363636363635385e-03
6.269090909090908781e+02 1.451884568509092865e+00 1.035786508347273482e+01 2.111728007579365141e+01 1.424568059501162054e+01 6.648609813290907479e-03 4.241818181818182536e-03
6.276363636363636260e+02 1.404995562836364176e+00 1.022222188849091218e+01 2.078681986533398174e+01 1.368841313562796103e+01 6.678501554407272577e-03 4.252727272727272606e-03
6.283636363636363740e+02 1.363130379199999354e+00 1.009411442656363356e+01 2.046660354199533671e+01 1.318153042475067416e+01 6.696252392269091101e-03 4.267272727272727190e-03
6.290909090909091219e+02 1.326289017599998177e+00 9.973542697690902514e+00 2.015200238641191888e+01 1.271319508170657464e+01 6.704290507527273582e-03 4.279999999999999950e-03
6.298181818181817562e+02 1.289447656000002995e+00 9.852970968818191011e+00 1.986608411476741054e+01 1.230647482267935189e+01 6.712328622785454328e-03 4.279999999999999950e-03
6.305454545454545041e+02 1.255118205418183752e+00 9.711047996290917084e+00 1.958836095281967360e+01 1.192798216371888387e+01 6.754026345687269388e-03 4.285454545454544552e-03
6.312727272727272521e+02 1.221626058509091894e+00 9.562007942545458050e+00 1.932497923284137187e+01 1.158530516935932653e+01 6.806943937803634423e-03 4.311818181818179684e-03
6.320000000000000000e+02 1.188133911600000037e+00 9.412967888800000793e+00 1.908094707742499807e+01 1.128663894929749922e+01 6.859861529919999458e-03 4.369999999999999753e-03
6.327272727272727479e+02 1.157990979381817276e+00 9.325888306836361608e+00 1.883327265103226367e+01 1.096854728402839996e+01 6.892013990952727646e-03 4.420909090909092530e-03
6.334545454545454959e+02 1.127848047163634515e+00 9.238808724872722422e+00 1.861291525696226046e+01 1.069939863500419008e+01 6.911188245058181613e-03 4.421818181818180406e-03
6.341818181818182438e+02 1.100217025963634576e+00 9.155078357599993666e+00 1.841183154680884471e+01 1.046219573766850175e+01 6.922575575007272955e-03 4.383636363636357787e-03
6.349090909090908781e+02 1.080121737818182659e+00 9.081395634400003303e+00 1.821939823022432492e+01 1.023273266615762367e+01 6.933962904956362562e-03 4.318181818181820834e-03
6.356363636363636260e+02 1.060026449672727633e+00 9.007712911200000505e+00 1.804396217819613923e+01 1.002717199792909319e+01 6.973483638309090418e-03 4.240000000000000713e-03
6.363636363636363740e+02 1.039931161527272607e+00 8.935704795345454698e+00 1.786670499067976792e+01 9.830792887786815371e+00 7.017023429290909081e-03 4.207272727272727032e-03
6.370909090909091219e+02 1.019835873381817359e+00 8.865371286836360554e+00 1.769164834187828816e+01 9.645947635736357384e+00 7.059139804029092302e-03 4.230000000000002855e-03
6.378181818181817562e+02 9.997405852363652201e-01 8.795037778327278843e+00 1.756174067705466868e+01 9.501470887007284816e+00 7.091292265061815286e-03 4.309999999999992656e-03
6.385454545454545041e+02 9.846691191272733956e-01 8.734751913890912434e+00 1.741771921219762120e+01 9.346067325349100230e+00 7.114904228632725619e-03 4.400909090909085539e-03
6.392727272727272521e+02 9.712722603636366747e-01 8.677815264145456453e+00 1.727809882477034265e+01 9.191119047562958499e+00 7.135669359716363333e-03 4.476363636363635094e-03
6.400000000000000000e+02 9.578754015999999538e-01 8.620878614400000473e+00 1.715365456641125164e+01 9.043000027857500456e+00 7.156434490800000180e-03 4.519999999999999712e-03
6.407272727272727479e+02 9.478277575272724409e-01 8.567291179345454921e+00 1.702921030805215352e+01 8.920376904986587974e+00 7.231456899876365953e-03 4.505454545454545129e-03
6.414545454545454959e+02 9.377801134545449280e-01 8.513703744290907593e+00 1.691387172713396936e+01 8.810653491823631001e+00 7.306479308952731726e-03 4.495454545454545536e-03
6.421818181818182438e+02 9.285697730545449113e-01 8.462628220254542200e+00 1.680809410752873845e+01 8.705482917381125674e+00 7.374635827912731471e-03 4.497272727272729961e-03
6.429090909090908781e+02 9.218713436727276056e-01 8.419088429272729712e+00 1.671460915246875345e+01 8.590751381625686633e+00 7.422194676523634869e-03 4.526363636363635659e-03
6.436363636363636260e+02 9.151729142909091896e-01 8.375548638290910120e+00 1.662059303289136380e+01 8.483456149113637323e+00 7.445722909727272784e-03 4.574545454545453534e-03
6.443636363636363740e+02 9.118236995999999817e-01 8.333683454654543965e+00 1.653408909720272391e+01 8.383536515328724903e+00 7.465818197872727685e-03 4.618181818181819019e-03
6.450909090909091219e+02 9.118236995999999817e-01 8.293492878363634802e+00 1.645395913572272306e+01 8.289148591055461424e+00 7.491774611727275261e-03 4.649090909090909142e-03
6.458181818181817562e+02 9.118236995999999817e-01 8.253302302072730967e+00 1.636533054196455339e+01 8.189289745517205787e+00 7.558758905545448145e-03 4.641818181818182718e-03
6.465454545454545041e+02 9.093117885818182700e-01 8.215623636800001961e+00 1.627305967723000535e+01 8.089886058255427059e+00 7.625743199363632305e-03 4.640000000000000027e-03
6.472727272727272521e+02 9.059625738909090620e-01 8.178782275200001450e+00 1.618890804154693086e+01 7.995414633873401122e+00 7.686447715636362567e-03 4.640000000000000027e-03
6.480000000000000000e+02 9.026133591999999650e-01 8.141940913599999163e+00 1.612031193815874985e+01 7.908910781915129640e+00 7.736685935999999819e-03 4.640000000000000027e-03
6.487272727272727479e+02 9.026133591999999650e-01 8.105099551999998653e+00 1.604139606700420018e+01 7.820282188156944869e+00 7.770178082909091899e-03 4.647272727272728186e-03
6.494545454545454959e+02 9.026133591999999650e-01 8.068258190399998142e+00 1.596323900230306236e+01 7.749713187989899055e+00 7.803670229818183111e-03 4.677272727272729566e-03
6.501818181818182438e+02 9.034506628727274613e-01 8.033091436145452846e+00 1.588174318920692407e+01 7.687764229133578375e+00 7.858932272218191462e-03 4.711818181818182467e-03
6.509090909090908781e+02 9.067998775636361142e-01 8.002948503927274970e+00 1.578886527930966466e+01 7.619168125745405362e+00 7.979504001090903520e-03 4.719090909090908025e-03
6.516363636363636260e+02 9.101490922545453222e-01 7.972805571709090877e+00 1.571139114041659290e+01 7.560876613994516937e+00 8.100075729963634660e-03 4.688181818181818769e-03
6.523636363636363740e+02 9.118236995999999817e-01 7.937638817454543805e+00 1.563490344991295267e+01 7.502327066184285798e+00 8.212274422109092781e-03 4.659090909090908735e-03
6.530909090909091219e+02 9.118236995999999817e-01 7.897448241163633753e+00 1.555742931101988269e+01 7.443580207763577761e+00 8.314006818345457892e-03 4.633636363636361478e-03
6.538181818181817562e+02 9.118236995999999817e-01 7.857257664872729919e+00 1.548154866567898225e+01 7.395563019122223913e+00 8.401086400309083074e-03 4.582727272727277375e-03
6.545454545454545041e+02 9.093117885818182700e-01 7.807019444509093020e+00 1.540020461387352668e+01 7.344631888104220963e+00 8.488165982272722135e-03 4.520909090909095394e-03
6.552727272727272521e+02 9.059625738909090620e-01 7.753432009454546581e+00 1.531521829109170696e+01 7.292114841132296910e+00 8.597852763399995574e-03 4.452727272727274865e-03
6.560000000000000000e+02 9.026133591999999650e-01 7.699844574399999253e+00 1.522719674249624866e+01 7.238573457779749809e+00 8.745218209800001072e-03 4.380000000000000213e-03
6.567272727272727479e+02 9.026133591999999650e-01 7.673050856872726477e+00 1.512764133580897230e+01 7.183878604887653729e+00 8.892583656200004835e-03 4.307272727272725560e-03
6.574545454545454959e+02 9.026133591999999650e-01 7.646257139345452813e+00 1.502846533234840365e+01 7.129487379239880518e+00 9.029482806690917324e-03 4.261818181818179986e-03
6.581818181818182438e+02 9.042879665454550686e-01 7.615276903454541113e+00 1.492739231275430889e+01 7.077038760910610904e+00 9.155915661272736802e-03 4.236363636363635332e-03
6.589090909090909918e+02 9.109863959272734846e-01 7.571737112472721520e+00 1.481994531895157863e+01 7.029871435497066834e+00 9.269788960763650221e-03 4.221818181818179881e-03
6.596363636363636260e+02 9.176848253090907903e-01 7.528197321490909033e+00 1.469550106059250183e+01 6.976383179062562334e+00 9.383662260254544557e-03 4.194545454545454272e-03
6.603636363636363740e+02 9.227086473454545468e-01 7.479633708472725573e+00 1.457227089255886199e+01 6.922113257784375584e+00 9.487487915672727923e-03 4.165454545454545104e-03
6.610909090909091219e+02 9.260578620363637548e-01 7.426046273418179133e+00 1.445078597936806197e+01 6.869095314822834197e+00 9.581265927018184705e-03 4.139090909090908238e-03
6.618181818181817562e+02 9.294070767272724076e-01 7.372458838363640687e+00 1.431602195324262361e+01 6.823991942962570612e+00 9.675043938363627610e-03 4.131818181818182681e-03
6.625454545454545041e+02 9.302443804000000149e-01 7.316359492290912314e+00 1.416987583031603037e+01 6.773789266139840670e+00 9.746214750545451749e-03 4.135454545454544592e-03
6.632727272727272521e+02 9.302443804000000149e-01 7.259422842545456334e+00 1.401811453963420817e+01 6.724322683908396492e+00 9.798546230090908124e-03 4.153636363636361954e-03
6.640000000000000000e+02 9.302443804000000149e-01 7.202486192800000353e+00 1.386331802313874917e+01 6.678915873197129649e+00 9.832038377000000204e-03 4.190000000000000148e-03
6.647272727272727479e+02 9.319189877454546744e-01 7.138851113672726179e+00 1.369334537757510972e+01 6.634601576318037708e+00 9.865530523909092284e-03 4.255454545454547509e-03
6.654545454545454959e+02 9.335935950909092229e-01 7.075216034545451116e+00 1.352109631265124001e+01 6.588655793232636171e+00 9.907395707545457383e-03 4.330000000000004852e-03
6.661818181818182438e+02 9.352682024363638824e-01 7.010743651745448446e+00 1.334490145416964246e+01 6.542930053552427516e+00 9.954284713218184907e-03 4.404545454545459593e-03
6.669090909090909918e+02 9.369428097818184309e-01 6.943759357927264730e+00 1.316096676986327374e+01 6.500801119259153715e+00 1.000117371889091590e-02 4.462727272727279662e-03
6.676363636363636260e+02 9.386174171272726463e-01 6.876775064109091673e+00 1.298446838880034271e+01 6.460478144325000116e+00 1.003634047314545460e-02 4.501818181818181483e-03
6.683636363636363740e+02 9.394547207999999205e-01 6.806441555599998416e+00 1.280265836256351974e+01 6.422203988680228903e+00 1.006313419067272723e-02 4.523636363636363358e-03
6.690909090909091219e+02 9.394547207999999205e-01 6.732758832399996507e+00 1.261401907824601487e+01 6.385105993504536670e+00 1.008322947881818213e-02 4.527272727272726137e-03
6.698181818181817562e+02 9.394547207999999205e-01 6.659076109200006144e+00 1.242219280682422067e+01 6.343705345945807039e+00 1.010332476696363356e-02 4.505454545454547731e-03
6.705454545454545041e+02 9.394547207999999205e-01 6.585393386000004234e+00 1.223901692897126026e+01 6.306447970016010984e+00 1.015356298732726821e-02 4.510909090909090598e-03
6.712727272727272521e+02 9.394547207999999205e-01 6.511710662800002325e+00 1.206213914468159665e+01 6.271687098716819619e+00 1.021384885176363291e-02 4.533636363636362084e-03
6.720000000000000000e+02 9.394547207999999205e-01 6.438027939599999527e+00 1.189095240879250071e+01 6.238785250897000090e+00 1.027413471619999762e-02 4.570000000000000277e-03
6.727272727272727479e+02 9.428039354909091285e-01 6.364345216399997618e+00 1.169002045992976591e+01 6.201876905003180340e+00 1.030427764841818083e-02 4.606363636363637604e-03
6.734545454545454959e+02 9.461531501818183365e-01 6.290662493199995708e+00 1.151640554338976408e+01 6.170507846219247305e+00 1.031558124799999802e-02 4.624545454545454966e-03
6.741818181818182438e+02 9.486650611999999372e-01 6.216979769999993799e+00 1.135918084624339564e+01 6.142978348089565444e+00 1.031558124799999802e-02 4.619090909090906028e-03
6.749090909090909918e+02 9.486650611999999372e-01 6.143297046799991001e+00 1.120195614909702719e+01 6.116996815124837283e+00 1.031558124799999802e-02 4.575454545454540542e-03
6.756363636363636260e+02 9.486650611999999372e-01 6.069614323600000638e+00 1.103304583256818461e+01 6.088943813806378280e+00 1.039177588221817938e-02 4.500000000000001395e-03
6.763636363636363740e+02 9.486650611999999372e-01 5.995931600399999617e+00 1.086185909667908867e+01 6.057589973016697549e+00 1.047885546418181844e-02 4.412727272727271291e-03
6.770909090909091219e+02 9.486650611999999372e-01 5.922248877199997708e+00 1.069499755757442649e+01 6.025333100215980231e+00 1.056216717961818395e-02 4.319999999999996586e-03
6.778181818181817562e+02 9.486650611999999372e-01 5.848566154000006456e+00 1.056266171209989757e+01 6.007789411282796976e+00 1.061910382936363112e-02 4.240000000000006784e-03
6.785454545454545041e+02 9.486650611999999372e-01 5.777395341818185592e+00 1.041074866012739442e+01 5.978089705763774298e+00 1.065343327994545258e-02 4.170909090909094910e-03
6.792727272727272521e+02 9.486650611999999372e-01 5.707061833309093224e+00 1.025117166297545879e+01 5.946887584399591198e+00 1.068022699747272694e-02 4.110909090909092151e-03
6.800000000000000000e+02 9.486650611999999372e-01 5.636728324799999967e+00 1.008969764968999883e+01 5.919934779174499617e+00 1.070702071499999956e-02 4.060000000000000241e-03
6.807272727272727479e+02 9.486650611999999372e-01 5.566394816290906711e+00 9.949470217099996461e+00 5.899477440920956717e+00 1.079410029696363862e-02 4.001818181818180171e-03
6.814545454545454959e+02 9.486650611999999372e-01 5.496061307781814342e+00 9.829730558752039826e+00 5.885242210922410067e+00 1.088117987892727768e-02 3.929999999999995129e-03
6.821818181818182438e+02 9.486650611999999372e-01 5.426565102945448693e+00 9.717427203647488909e+00 5.871416694543520443e+00 1.096407294252728024e-02 3.848181818181810928e-03
6.829090909090909918e+02 9.486650611999999372e-01 5.359580809127264978e+00 9.590554764637486684e+00 5.847620524164611311e+00 1.103440645103637152e-02 3.760909090909080824e-03
6.836363636363636260e+02 9.486650611999999372e-01 5.292596515309091032e+00 9.472180957905683485e+00 5.831951097637644743e+00 1.109008714527272635e-02 3.718181818181818827e-03
6.843636363636363740e+02 9.486650611999999372e-01 5.225612221490907316e+00 9.353503628592498842e+00 5.811554380170007583e+00 1.114367458032727333e-02 3.696363636363636518e-03
6.850909090909091219e+02 9.486650611999999372e-01 5.158627927672724489e+00 9.234978060569995151e+00 5.786475900148908558e+00 1.120396044476363977e-02 3.687272727272726536e-03
6.858181818181817562e+02 9.486650611999999372e-01 5.091643633854551432e+00 9.128138111930010012e+00 5.769842862690182983e+00 1.131113531487271812e-02 3.665454545454547262e-03
6.865454545454545041e+02 9.486650611999999372e-01 5.029683162072730696e+00 9.019021743929778623e+00 5.751161110605026217e+00 1.141831018498181208e-02 3.632727272727274883e-03
6.872727272727272521e+02 9.486650611999999372e-01 4.969397297636365174e+00 8.914382334004661956e+00 5.730385010843276561e+00 1.152297314407272483e-02 3.590909090909092088e-03
6.880000000000000000e+02 9.486650611999999372e-01 4.909111433200000540e+00 8.818469198293749756e+00 5.707256506412999641e+00 1.162344958479999933e-02 3.539999999999999744e-03
6.887272727272727479e+02 9.486650611999999372e-01 4.852174783454544560e+00 8.728626514210111154e+00 5.695601239288635931e+00 1.171722759614545785e-02 3.496363636363634692e-03
6.894545454545454959e+02 9.486650611999999372e-01 4.795238133709088579e+00 8.643336668846925974e+00 5.682618008539326304e+00 1.181100560749091463e-02 3.452727272727270074e-03
6.901818181818182438e+02 9.486650611999999372e-01 4.739138787636359318e+00 8.561385571878743050e+00 5.667457034667619631e+00 1.191818047760001206e-02 3.412727272727270403e-03
6.909090909090909918e+02 9.486650611999999372e-01 4.685551352581811990e+00 8.481255610398740430e+00 5.648153165953626598e+00 1.206554592400001583e-02 3.383636363636360368e-03
6.916363636363636260e+02 9.486650611999999372e-01 4.631963917527273544e+00 8.408030787644774406e+00 5.638516198399782908e+00 1.221291137039999877e-02 3.360909090909091484e-03
6.923636363636363740e+02 9.486650611999999372e-01 4.580051089818181431e+00 8.337370730703316468e+00 5.631626193937644409e+00 1.235860220945454724e-02 3.335454545454545096e-03
6.930909090909091219e+02 9.486650611999999372e-01 4.529812869454543645e+00 8.268531809250040610e+00 5.625760693316863126e+00 1.250219978932727918e-02 3.307272727272726406e-03
6.938181818181817562e+02 9.486650611999999372e-01 4.479574649090912963e+00 8.201392614252414504e+00 5.617504879103773163e+00 1.264286680634544267e-02 3.285454545454547133e-03
6.945454545454545041e+02 9.511769722181815379e-01 4.431848339745457110e+00 8.132523340541004231e+00 5.602829625092617505e+00 1.278353382336362871e-02 3.258181818181819789e-03
6.952727272727272521e+02 9.545261869090907458e-01 4.384959334072727977e+00 8.067402570709433007e+00 5.589087629755081998e+00 1.295434377259999451e-02 3.231818181818182489e-03
6.960000000000000000e+02 9.578754015999999538e-01 4.338070328399999731e+00 8.009490462185249626e+00 5.580467420983619142e+00 1.317539194220000015e-02 3.210000000000000180e-03
6.967272727272727479e+02 9.578754015999999538e-01 4.297879752109089679e+00 7.939983874783342443e+00 5.560677916139444399e+00 1.339644011180000580e-02 3.231818181818182489e-03
6.974545454545454959e+02 9.578754015999999538e-01 4.257689175818179628e+00 7.879203456932681426e+00 5.541457359140887995e+00 1.326058759089997902e-02 3.253636363636365231e-03
6.981818181818182438e+02 9.587127052727275611e-01 4.217498599527269576e+00 7.825950357234654930e+00 5.524065431498384804e+00 1.276783437949991981e-02 3.266363636363635390e-03
6.989090909090909918e+02 9.620619199636367691e-01 4.177308023236359524e+00 7.779572106802289611e+00 5.511135285801925576e+00 1.184680033949989456e-02 3.251818181818180373e-03
6.996363636363636260e+02 9.654111346545454220e-01 4.137117446945455690e+00 7.735796635769196961e+00 5.499798780185771285e+00 1.092576629950001155e-02 3.237272727272727524e-03
7.003636363636363740e+02 9.687603493454545189e-01 4.098601477999999965e+00 7.695974473094286950e+00 5.491846572284410755e+00 9.004154370590867346e-03 3.219090909090908861e-03
7.010909090909091219e+02 9.721095640363637269e-01 4.061760116399998566e+00 7.661243828457680038e+00 5.487066154425709108e+00 6.453518057545456349e-03 3.199090909090908808e-03
7.018181818181817562e+02 9.754587787272723798e-01 4.024918754800002496e+00 7.637083430981138399e+00 5.482391822942342507e+00 6.503756277909086662e-03 3.191818181818182384e-03
7.025454545454545041e+02 9.762960823999999871e-01 3.990589304218183475e+00 7.607732797363274457e+00 5.475486663283727573e+00 6.679590049181805336e-03 3.206363636363635233e-03
7.032727272727272521e+02 9.762960823999999871e-01 3.957097157309091617e+00 7.577448863206604379e+00 5.466039554337672079e+00 6.847050783727270072e-03 3.230909090909090276e-03
7.040000000000000000e+02 9.762960823999999871e-01 3.923605010399999760e+00 7.548492892674880217e+00 5.453595212232130507e+00 6.930781151000000272e-03 3.260000000000000311e-03
7.047272727272727479e+02 9.829945117818182920e-01 3.890112863490907902e+00 7.523421843723875568e+00 5.438297506670668469e+00 1.033860709900009771e-02 3.238181818181818002e-03
7.054545454545454959e+02 9.896929411636365970e-01 3.856620716581816044e+00 7.498882063953216992e+00 5.424669384632624158e+00 9.633178754727092508e-03 3.207272727272725277e-03
7.061818181818182438e+02 9.955540668727274056e-01 3.823128569672724186e+00 7.474569947051172392e+00 5.413014243103810408e+00 7.349432987363669484e-03 3.170909090909087950e-03
7.069090909090909918e+02 9.989032815636366136e-01 3.789636422763632773e+00 7.449984534230349453e+00 5.404272792760537847e+00 7.734592676818225800e-03 3.134545454545450190e-03
7.076363636363636260e+02 1.002252496254545377e+00 3.756144275854546244e+00 7.433579054977281331e+00 5.391335069465842622e+00 7.870654523636361199e-03 3.110909090909091262e-03
7.083636363636363740e+02 1.005601710945454474e+00 3.724326736290908713e+00 7.417735176230098482e+00 5.375217978530249852e+00 7.946011854181818379e-03 3.103636363636363537e-03
7.090909090909091219e+02 1.008950925636363793e+00 3.694183804072725952e+00 7.402096248489408836e+00 5.357492259778613430e+00 8.511191833272905086e-03 3.113636363636364864e-03
7.098181818181817562e+02 1.012300140327272446e+00 3.664040871854548076e+00 7.392140707820682444e+00 5.346565446849523617e+00 1.268096412345418901e-02 3.142727272727270128e-03
7.105454545454545041e+02 1.018161266036363255e+00 3.631386028618183826e+00 7.379134702411475288e+00 5.330266284230296137e+00 1.111101973709110666e-02 3.177272727272725198e-03
7.112727272727272521e+02 1.024859695418181671e+00 3.597893881709091968e+00 7.367934698226564549e+00 5.313200758492012454e+00 8.977988630818178190e-03 3.202727272727272888e-03
7.120000000000000000e+02 1.031558124800000087e+00 3.564401734800000110e+00 7.361439398715750038e+00 5.297842599605379732e+00 9.095211145000000469e-03 3.210000000000000180e-03
7.127272727272727479e+02 1.034907339490909406e+00 3.537608017272726446e+00 7.356400840134745600e+00 5.281695198276833203e+00 9.430132614090917798e-03 3.202727272727272888e-03
7.134545454545454959e+02 1.038256554181818503e+00 3.510814299745453226e+00 7.348668570975619652e+00 5.262929862352546451e+00 9.765054083181836861e-03 3.204545454545455144e-03
7.141818181818182438e+02 1.042443072545454985e+00 3.483183278545451955e+00 7.340777025725349070e+00 5.241136857280269012e+00 1.125964113900042307e-02 3.219090909090912330e-03
7.149090909090909918e+02 1.049141501927273401e+00 3.453040346327269194e+00 7.337256331242264729e+00 5.214973127036356182e+00 1.623322495500056570e-02 3.255454545454550090e-03
7.156363636363636260e+02 1.055839931309090707e+00 3.422897414109091319e+00 7.330707779217865649e+00 5.191359133004044502e+00 1.308914966390915119e-02 3.310909090909090052e-03
7.163636363636363740e+02 1.060863753345454574e+00 3.392754481890908558e+00 7.327702863797181720e+00 5.171083824568952991e+00 1.109636692281818632e-02 3.372727272727273767e-03
7.170909090909091219e+02 1.064212968036363893e+00 3.362611549672725797e+00 7.328856249606363171e+00 5.153259387714301809e+00 1.143338165109092884e-02 3.437272727272730217e-03
7.178181818181817562e+02 1.067562182727272324e+00 3.332468617454547921e+00 7.331284430257272611e+00 5.131769988953759132e+00 1.190227170781813990e-02 3.495454545454540311e-03
7.185454545454545041e+02 1.073423308436363133e+00 3.304837596254546650e+00 7.330798794127091789e+00 5.108778216213237577e+00 1.239628087472724287e-02 3.548181818181814912e-03
7.192727272727272521e+02 1.080121737818181549e+00 3.278043878727273430e+00 7.330639413372987967e+00 5.086105163115740346e+00 1.487051322763619822e-02 3.604545454545452724e-03
7.200000000000000000e+02 1.086820167199999965e+00 3.251250161199999766e+00 7.332642578679619660e+00 5.064797961634379675e+00 2.063116249599999952e-02 3.670000000000000085e-03
7.207272727272727479e+02 1.093518596581818381e+00 3.227805658363635644e+00 7.339502272748806178e+00 5.047375681733739405e+00 1.554035616581803635e-02 3.735454545454547446e-03
7.214545454545454959e+02 1.100217025963636797e+00 3.204361155527271077e+00 7.351445970055833001e+00 5.035075397725090163e+00 1.394529266927275503e-02 3.791818181818184825e-03
7.221818181818182438e+02 1.106915455345454991e+00 3.181753956363634561e+00 7.364770653242880272e+00 5.024027175763452924e+00 1.444348835454549625e-02 3.842727272727277169e-03
7.229090909090909918e+02 1.113613884727273406e+00 3.161658668218179535e+00 7.373087088241875975e+00 5.007515547337271222e+00 1.492912448472732793e-02 3.893636363636369512e-03
7.236363636363636260e+02 1.120312314109090712e+00 3.141563380072728062e+00 7.380394383921909274e+00 4.987763742090963071e+00 1.520962121509090471e-02 3.969999999999999571e-03
7.243636363636363740e+02 1.125336136145454580e+00 3.121468091927272592e+00 7.386707653614273283e+00 4.963573034221464120e+00 1.895236863218192208e-02 4.060909090909092453e-03
7.250909090909091219e+02 1.128685350836363899e+00 3.101372803781817566e+00 7.393187860726387228e+00 4.936961827962253579e+00 2.453090435172701478e-02 4.163636363636368486e-03
7.258181818181817562e+02 1.132034565527272330e+00 3.081277515636365205e+00 7.406785672371476004e+00 4.921239274517251516e+00 1.851906398154596484e-02 4.272727272727263118e-03
7.265454545454545041e+02 1.137895691236363138e+00 3.066206049527273159e+00 7.414692372818223909e+00 4.899916792243864450e+00 1.755616475790905059e-02 4.392727272727266034e-03
7.272727272727272521e+02 1.144594120618181554e+00 3.052809190763636327e+00 7.421225644050597481e+00 4.878913029613500818e+00 1.824484702872725475e-02 4.513636363636360296e-03
7.280000000000000000e+02 1.151292549999999970e+00 3.039412331999999939e+00 7.428631595035870561e+00 4.861551537959499569e+00 1.888119782000000080e-02 4.630000000000000435e-03
7.287272727272727479e+02 1.157990979381818386e+00 3.029364687927272204e+00 7.440469059439418942e+00 4.846071970040321197e+00 1.956778683163638149e-02 4.753636363636366997e-03
7.294545454545454959e+02 1.164689408763636802e+00 3.019317043854544913e+00 7.450750918281999979e+00 4.828960915914833230e+00 2.034857250645459234e-02 4.886363636363643542e-03
7.301818181818182438e+02 1.171387838145454996e+00 3.010944007127272393e+00 7.460084258591524353e+00 4.810370136873718394e+00 2.121936832609099335e-02 5.020909090909101043e-03
7.309090909090909918e+02 1.178086267527273412e+00 3.007594792436363296e+00 7.469372133311618533e+00 4.790276858257077386e+00 2.219064058645465673e-02 5.144545454545469340e-03
7.316363636363636260e+02 1.184784696909090718e+00 3.004245577745454643e+00 7.480731476385447998e+00 4.773742455170999932e+00 2.313260721827271535e-02 5.280909090909089582e-03
7.323636363636363740e+02 1.191483126290909356e+00 3.004245577745454643e+00 7.493965060932903377e+00 4.759476893846908752e+00 2.412062555209092476e-02 5.411818181818184303e-03
7.330909090909091219e+02 1.198181555672727772e+00 3.007594792436363740e+00 7.508397538744152833e+00 4.746615134927920643e+00 2.513376299609094283e-02 5.530909090909095008e-03
7.338181818181817562e+02 1.204879985054545077e+00 3.010944007127272393e+00 7.520174047440325360e+00 4.731256976041289697e+00 2.597106666881810952e-02 5.618181818181810366e-03
7.345454545454545041e+02 1.211578414436363271e+00 3.016805132836363423e+00 7.531404466681148158e+00 4.713758920158267252e+00 2.674557256609086386e-02 5.705454545454539603e-03
7.352727272727272521e+02 1.218276843818181687e+00 3.023503562218181617e+00 7.542930809972503425e+00 4.697801189044185755e+00 2.745518742872725404e-02 5.795454545454542007e-03
7.360000000000000000e+02 1.224975273200000103e+00 3.030201991600000255e+00 7.555253743045499348e+00 4.685599497543000425e+00 2.809153822000000009e-02 5.889999999999999403e-03
7.367272727272727479e+02 1.231673702581818519e+00 3.043598850363636643e+00 7.567941070676867277e+00 4.670726974786548524e+00 2.859392042363637781e-02 5.970000000000002215e-03
7.374545454545454959e+02 1.238372131963636935e+00 3.056995709127273475e+00 7.581159458162662013e+00 4.649404492513159681e+00 2.903350485181820442e-02 6.072727272727279114e-03
7.381818181818182438e+02 1.245070561345455129e+00 3.072067175236365077e+00 7.594939341491388163e+00 4.625016390302816305e+00 2.940191846781820342e-02 6.196363636363648279e-03
7.389090909090909918e+02 1.251768990727273545e+00 3.092162463381820547e+00 7.609447804610938171e+00 4.603041355412088365e+00 2.966985564309094006e-02 6.341818181818198452e-03
7.396363636363636260e+02 1.258467420109090851e+00 3.112257751527272465e+00 7.628683412143009157e+00 4.594770365069931195e+00 3.005501533254545041e-02 6.474545454545453313e-03
7.403636363636363740e+02 1.265165849490909267e+00 3.134027647018182261e+00 7.647107190966599077e+00 4.586818073438204024e+00 3.022247606709090734e-02 6.634545454545458069e-03
7.410909090909091219e+02 1.271864278872727683e+00 3.157472149854546384e+00 7.664013461546329786e+00 4.576991540332852715e+00 3.017433110590909268e-02 6.824545454545463338e-03
7.418181818181817562e+02 1.278562708254544988e+00 3.180916652690906954e+00 7.680707119790961102e+00 4.565518470487675451e+00 3.025806147318180900e-02 7.020909090909074196e-03
7.425454545454545041e+02 1.285261137636363182e+00 3.209384977563634500e+00 7.697400903631144153e+00 4.546441971586012265e+00 3.034179184045453920e-02 7.222727272727260880e-03
7.432727272727272521e+02 1.291959567018181598e+00 3.239527909781817261e+00 7.712933724063907981e+00 4.528291279355282306e+00 3.042552220772726940e-02 7.439999999999993494e-03
7.440000000000000000e+02 1.298657996399999792e+00 3.269670841999999578e+00 7.726531535708999421e+00 4.515907725496379754e+00 3.050925257499999960e-02 7.680000000000000195e-03
7.447272727272727479e+02 1.305356425781818208e+00 3.306512203600000532e+00 7.746806844144090931e+00 4.507166275153107193e+00 3.029155362009090108e-02 7.920000000000006896e-03
7.454545454545454959e+02 1.312054855163636624e+00 3.343353565200001487e+00 7.766778629997818761e+00 4.496072420141306480e+00 3.019945021609090480e-02 8.173636363636377702e-03
7.461818181818182438e+02 1.318753284545454818e+00 3.380194926800002886e+00 7.786249582659705126e+00 4.482064748348414618e+00 3.017433110590908574e-02 8.437272727272749837e-03
7.469090909090909918e+02 1.325451713927273234e+00 3.417036288400004285e+00 7.804764376392520298e+00 4.463549954615599447e+00 3.012409288554544762e-02 8.706363636363666572e-03
7.476363636363636260e+02 1.332150143309090540e+00 3.453877649999999466e+00 7.822801195323755508e+00 4.454755398286886603e+00 3.005920185090909039e-02 8.956363636363632100e-03
7.483636363636363740e+02 1.340523180036363726e+00 3.490719011599999977e+00 7.839009384898941946e+00 4.445073069806570132e+00 3.009269399781818247e-02 9.200000000000003314e-03
7.490909090909091219e+02 1.350570824109091239e+00 3.527560373200000932e+00 7.854246344078948283e+00 4.433645507416004605e+00 3.017642436509089532e-02 9.438181818181828192e-03
7.498181818181817562e+02 1.360618468181817198e+00 3.564401734799996557e+00 7.875007121183483783e+00 4.425935950119001205e+00 2.990848718981820378e-02 9.663636363636344748e-03
7.505454545454545041e+02 1.368154201236363221e+00 3.601243096399997956e+00 7.896815239587052560e+00 4.417315825077906766e+00 2.996709844690908023e-02 9.878181818181805060e-03
7.512727272727272521e+02 1.374852630618181637e+00 3.638084457999998911e+00 7.917538296161135136e+00 4.409439393158928411e+00 3.007176140599999992e-02 1.008909090909090173e-02
7.520000000000000000e+02 1.381551059999999831e+00 3.674925819600000310e+00 7.935871060075499805e+00 4.403308320745749960e+00 3.007176140599999992e-02 1.030000000000000013e-02
7.527272727272727479e+02 1.388249489381818025e+00 3.708417966509092167e+00 7.957481867868591685e+00 4.393595598142113090e+00 3.008850747945454596e-02 1.051090909090909679e-02
7.534545454545454959e+02 1.394947918763636441e+00 3.741910113418183581e+00 7.973894903787309474e+00 4.379178275527340070e+00 3.006338836927272343e-02 1.072636363636364845e-02
7.541818181818182438e+02 1.401646348145455079e+00 3.772053045636365010e+00 7.988464029557948543e+00 4.363698623877795058e+00 2.999640407545453580e-02 1.094636363636365683e-02
7.549090909090909918e+02 1.408344777527273495e+00 3.792148333781820035e+00 8.006857414258218952e+00 4.353500265143976478e+00 2.987918156127271352e-02 1.117181818181820982e-02
7.556363636363636260e+02 1.415043206909090800e+00 3.812243621927271953e+00 8.028809674489044923e+00 4.346382660611000759e+00 2.973265341854545996e-02 1.142272727272727016e-02
7.563636363636363740e+02 1.423416243636363765e+00 3.825640480690908785e+00 8.048781460342771865e+00 4.337732308907320089e+00 2.972428038181818347e-02 1.167727272727273058e-02
7.570909090909091219e+02 1.433463887709091278e+00 3.832338910072727423e+00 8.066317487947353371e+00 4.327238088920743131e+00 2.982685008172726582e-02 1.193363636363637369e-02
7.578181818181817562e+02 1.443511531781817459e+00 3.839037339454544728e+00 8.084225403978173574e+00 4.317646775349652799e+00 2.970962756754546436e-02 1.220272727272725052e-02
7.585454545454545041e+02 1.451047264836363482e+00 3.833176213745455030e+00 8.103225875706353776e+00 4.310013119630581535e+00 2.954216683300001089e-02 1.243909090909089792e-02
7.592727272727272521e+02 1.457745694218181898e+00 3.823128569672727295e+00 8.123478367616362661e+00 4.303123136101035584e+00 2.940819824536363564e-02 1.263454545454545039e-02
7.600000000000000000e+02 1.464444123600000092e+00 3.813080925599999560e+00 8.145210584441999302e+00 4.296385018525129773e+00 2.935796002499999752e-02 1.277999999999999969e-02
7.607272727272727479e+02 1.471142552981818286e+00 3.789636422763635437e+00 8.164271802551635204e+00 4.285276008316853513e+00 2.939145217190908960e-02 1.286000000000000164e-02
7.614545454545454959e+02 1.477840982363636702e+00 3.766191919927270870e+00 8.183408901306613359e+00 4.278188776974603869e+00 2.923655099245452832e-02 1.289454545454545367e-02
7.621818181818182438e+02 1.484539411745454895e+00 3.739398202399996318e+00 8.204230550388160736e+00 4.273924347504220123e+00 2.899791944572726113e-02 1.286909090909089774e-02
7.629090909090909918e+02 1.491237841127273311e+00 3.702556840799995364e+00 8.229969265287797597e+00 4.270889121690584211e+00 2.884720478463634330e-02 1.274545454545453031e-02
7.636363636363636260e+02 1.497936270509090617e+00 3.665715479200000182e+00 8.248218633756353668e+00 4.264401253249865853e+00 2.881371263772727204e-02 1.257727272727273034e-02
7.643636363636363740e+02 1.506309307236363804e+00 3.622175688218181033e+00 8.267856502905399196e+00 4.258027279041229463e+00 2.875510138063636090e-02 1.233363636363635912e-02
7.650909090909091219e+02 1.516356951309091539e+00 3.571937467854543247e+00 8.289618925461029519e+00 4.252184532147754048e+00 2.867555753172727415e-02 1.201181818181816519e-02
7.658181818181817562e+02 1.526404595381817497e+00 3.521699247490913010e+00 8.309044370668299706e+00 4.245810474208751017e+00 2.874254182554544790e-02 1.162636363636366903e-02
7.665454545454545041e+02 1.533940328436363298e+00 3.466437205090912244e+00 8.330063372225506413e+00 4.236886952181843746e+00 2.863369234809091599e-02 1.118090909090911807e-02
7.672727272727272521e+02 1.540638757818181714e+00 3.409500555345456263e+00 8.350133855249657344e+00 4.229594874496061863e+00 2.845367205845454953e-02 1.070454545454546831e-02
7.680000000000000000e+02 1.547337187200000130e+00 3.352563905599999838e+00 8.367738164968750780e+00 4.226438239649880302e+00 2.825271917699999705e-02 1.020999999999999859e-02
7.687272727272727479e+02 1.557384831272727643e+00 3.295627255854543414e+00 8.385949519850568024e+00 4.218728682352876014e+00 2.808525844245454012e-02 9.679090909090892411e-03
7.694545454545454959e+02 1.567432475345455156e+00 3.238690606109087433e+00 8.403781471505682887e+00 4.212043566099453962e+00 2.803292696290909242e-02 9.129999999999968002e-03
7.701818181818182438e+02 1.576642815745455062e+00 3.181753956363631453e+00 8.421992826387501907e+00 4.207096148023226512e+00 2.800362133436361950e-02 8.568181818181769965e-03
7.709090909090909918e+02 1.583341245127273478e+00 3.124817306618175472e+00 8.442025316757501230e+00 4.205517830600135731e+00 2.783616059981816257e-02 8.000909090909025592e-03
7.716363636363636260e+02 1.590039674509090784e+00 3.067880656872727929e+00 8.460464313575339901e+00 4.200805715788536787e+00 2.771265830809091155e-02 7.459090909090916079e-03
7.723636363636363740e+02 1.596738103890909199e+00 3.012618614472726719e+00 8.478068623294431561e+00 4.195160195775173406e+00 2.752007846336363209e-02 6.949999999999992642e-03
7.730909090909091219e+02 1.603436533272727615e+00 2.959031179418179835e+00 8.494610603978751229e+00 4.189028976833851559e+00 2.728144691663636143e-02 6.478181818181800479e-03
7.738181818181817562e+02 1.610134962654544921e+00 2.905443744363640945e+00 8.507965597558749593e+00 4.182897904420674884e+00 2.724795476972727629e-02 6.063636363636399490e-03
7.745454545454545041e+02 1.619345303054544827e+00 2.854368220327275552e+00 8.524052294371021077e+00 4.177404103832809135e+00 2.734005817372726563e-02 5.725454545454563074e-03
7.752727272727272521e+02 1.629392947127272340e+00 2.804129999963637765e+00 8.541960126671476417e+00 4.172054466004794904e+00 2.729191321254546485e-02 5.426363636363644091e-03
7.760000000000000000e+02 1.639440591199999853e+00 2.753891779599999978e+00 8.561385571878750156e+00 4.166591059540249553e+00 2.694024567000000148e-02 5.150000000000000064e-03
7.767272727272727479e+02 1.646139020581818047e+00 2.707002773927271289e+00 8.580203971923296535e+00 4.161795486485071471e+00 2.667230849472726484e-02 4.902727272727266071e-03
7.774545454545454959e+02 1.652837449963636463e+00 2.660113768254542599e+00 8.595607742927500183e+00 4.155596069159606110e+00 2.651950057445454090e-02 4.673636363636351175e-03
7.781818181818182438e+02 1.660373183018182486e+00 2.614899369927269124e+00 8.609418020379546732e+00 4.148721261759128254e+00 2.646088931736363670e-02 4.464545454545438934e-03
7.789090909090909918e+02 1.670420827090909999e+00 2.574708793636359072e+00 8.624594149447728952e+00 4.142347203820124335e+00 2.647763539081818274e-02 4.282727272727252302e-03
7.796363636363636260e+02 1.680468471163635957e+00 2.534518217345455238e+00 8.639770278515909396e+00 4.135441981363735309e+00 2.636250613581818392e-02 4.151818181818183601e-03
7.803636363636363740e+02 1.688841507890909144e+00 2.496002248399999512e+00 8.655249930165455297e+00 4.128369947083146307e+00 2.616992629109090446e-02 4.024545454545452525e-03
7.810909090909091219e+02 1.695539937272727560e+00 2.459160886799998558e+00 8.670957223751022624e+00 4.121313172661992041e+00 2.593129474436363033e-02 3.898181818181814529e-03
7.818181818181817562e+02 1.702238366654544865e+00 2.422319525200003376e+00 8.686133352819203068e+00 4.114999735508894751e+00 2.578058008327274025e-02 3.803636363636371878e-03
7.825454545454545041e+02 1.711448707054544771e+00 2.390501985636365401e+00 8.702675333503520960e+00 4.107502811479579741e+00 2.573034186290909173e-02 3.714545454545459518e-03
7.832727272727272521e+02 1.721496351127272284e+00 2.360359053418182640e+00 8.717851462571704957e+00 4.099178777949753716e+00 2.560683957118182683e-02 3.643636363636364953e-03
7.840000000000000000e+02 1.731543995200000019e+00 2.330216121199999879e+00 8.729992365826250378e+00 4.090133721294749947e+00 2.530541024899999811e-02 3.599999999999999901e-03
7.847272727272727479e+02 1.738242424581818435e+00 2.303422403672726215e+00 8.741526223918068439e+00 4.080967423067934696e+00 2.510445736754544910e-02 3.578181818181817592e-03
7.854545454545454959e+02 1.744940853963636851e+00 2.276628686145452996e+00 8.753439485236590656e+00 4.071155982361283954e+00 2.487210559836362106e-02 3.560909090909089841e-03
7.861818181818182438e+02 1.752476587018182652e+00 2.250672272290906939e+00 8.766339194944546165e+00 4.061549387998165450e+00 2.461254145981815744e-02 3.546363636363634823e-03
7.869090909090909918e+02 1.762524231090910165e+00 2.227227769454542372e+00 8.781515324012728385e+00 4.053718589129351457e+00 2.432785821109087823e-02 3.531818181818179806e-03
7.876363636363636260e+02 1.772571875163636124e+00 2.203783266618181802e+00 8.794566795011363070e+00 4.043922408282136338e+00 2.438018969063636063e-02 3.504545454545454630e-03
7.883636363636363740e+02 1.782619519236363859e+00 2.183687978472726776e+00 8.805493607940455547e+00 4.034300784318092248e+00 2.436344361718181459e-02 3.479090909090908242e-03
7.890909090909091219e+02 1.792667163309091372e+00 2.166941905018180847e+00 8.815054569253408800e+00 4.025081338240651618e+00 2.421063569690907677e-02 3.459999999999999534e-03
7.898181818181817562e+02 1.802714807381817330e+00 2.150195831563637583e+00 8.827802517670679805e+00 4.015489857208827118e+00 2.392595244818183919e-02 3.459999999999999534e-03
7.905454545454545041e+02 1.810250540436363131e+00 2.133449758109092098e+00 8.840095182215907954e+00 4.006627081563375548e+00 2.370406697490910070e-02 3.465454545454544569e-03
7.912727272727272521e+02 1.816948969818181547e+00 2.116703684654546169e+00 8.852691369342499783e+00 3.997802235774299273e+00 2.356591186890909240e-02 3.469999999999999560e-03
7.920000000000000000e+02 1.823647399199999963e+00 2.099957611200000240e+00 8.866046362922499924e+00 3.988635770086749854e+00 2.353241972200000032e-02 3.469999999999999560e-03
7.927272727272727479e+02 1.833695043272727698e+00 2.083211537745453867e+00 8.875152040363408545e+00 3.977223321027476555e+00 2.336495898745453992e-02 3.469999999999999560e-03
7.934545454545454959e+02 1.843742687345455211e+00 2.066465464290907939e+00 8.885395927484431411e+00 3.967859649392408539e+00 2.322889714063635508e-02 3.492727272727274516e-03
7.941818181818182438e+02 1.852953027745455117e+00 2.050556694509089617e+00 8.895715695250794752e+00 3.959072649729338700e+00 2.304887685099996780e-02 3.532727272727276789e-03
7.949090909090909918e+02 1.859651457127273533e+00 2.037159835745452785e+00 8.904214327528977790e+00 3.948327866618698945e+00 2.268046323499995492e-02 3.583636363636369133e-03
7.956363636363636260e+02 1.866349886509090839e+00 2.023762976981818174e+00 8.912181795289772168e+00 3.938167437741256549e+00 2.250253620454545703e-02 3.653636363636362811e-03
7.963636363636363740e+02 1.874722923236363803e+00 2.012040725563636112e+00 8.920983950149318886e+00 3.928242291195848779e+00 2.238531369036363475e-02 3.726363636363637464e-03
7.970909090909091219e+02 1.884770567309091316e+00 2.001993081490908377e+00 8.929558463072840624e+00 3.917915008629021756e+00 2.230158332309090802e-02 3.797272727272729860e-03
7.978181818181817562e+02 1.894818211381817274e+00 1.991945437418182419e+00 8.930165508235567984e+00 3.903710151821205621e+00 2.221785295581818823e-02 3.855454545454540822e-03
7.985454545454545041e+02 1.902353944436363076e+00 1.986921615381818329e+00 8.941244082455339637e+00 3.897563882346366526e+00 2.203364614781819220e-02 3.902727272727270387e-03
7.992727272727272521e+02 1.909052373818181492e+00 1.983572400690909232e+00 8.952853821192499950e+00 3.891690741329571601e+00 2.192898318872726904e-02 3.957272727272725943e-03
8.000000000000000000e+02 1.915750803199999908e+00 1.980223185999999913e+00 8.959531317982499132e+00 3.881795821446749617e+00 2.201271355600000271e-02 4.030000000000000596e-03
8.007272727272727479e+02 1.981677491781820066e+00 1.935988141636362458e+00 8.971065176074318970e+00 3.872568734973295346e+00 2.192898318872726904e-02 4.102727272727275248e-03
8.014545454545454959e+02 2.013127272727273542e+00 1.913854545454545031e+00 8.977666792218977676e+00 3.863493409790522026e+00 2.174058986236361915e-02 4.180000000000004892e-03
8.021818181818182438e+02 2.023909090909091990e+00 1.905199999999999338e+00 8.981612585776703739e+00 3.854372577153136081e+00 2.156475609109091349e-02 4.258181818181824146e-03
8.029090909090909918e+02 2.034745454545455967e+00 1.897199999999998887e+00 8.986468947078522618e+00 3.844842051828685214e+00 2.161499431145455161e-02 4.330909090909099667e-03
8.036363636363636260e+02 2.045518181818181791e+00 1.889263636363636589e+00 8.993981130967272364e+00 3.839879394825615577e+00 2.156266283190909350e-02 4.390909090909090283e-03
8.043636363636363740e+02 2.056245454545454709e+00 1.881627272727272704e+00 9.002176240664091722e+00 3.832959079970524208e+00 2.150405157481818236e-02 4.463636363636364936e-03
8.050909090909091219e+02 2.066954545454545933e+00 1.874472727272727068e+00 9.010143708424887876e+00 3.823565118875094981e+00 2.145172009527272425e-02 4.551818181818185517e-03
8.058181818181817562e+02 2.077790909090908134e+00 1.868654545454546012e+00 9.014393024563977619e+00 3.815127107382819904e+00 2.138473580145455050e-02 4.646363636363629035e-03
8.065454545454545041e+02 2.088572727272726581e+00 1.862672727272727702e+00 9.020463476191249441e+00 3.807053448583730404e+00 2.130519195254546028e-02 4.751818181818175633e-03
8.072727272727272521e+02 2.099199999999999733e+00 1.856690909090909170e+00 9.025319837493068320e+00 3.799601990143844255e+00 2.129053913827272382e-02 4.860909090909087613e-03
8.080000000000000000e+02 2.109599999999999920e+00 1.850800000000000001e+00 9.027140972981248623e+00 3.792985114139749925e+00 2.139101557900000006e-02 4.969999999999999592e-03
8.087272727272727479e+02 2.120145454545454555e+00 1.846436363636363431e+00 9.035639605259431661e+00 3.786975450759117123e+00 2.154173024009091095e-02 5.071818181818184279e-03
8.094545454545454959e+02 2.130781818181818998e+00 1.841981818181817943e+00 9.044138237537614700e+00 3.783431751357625217e+00 2.164011342163636720e-02 5.182727272727279816e-03
8.101818181818182438e+02 2.141436363636364693e+00 1.837509090909090537e+00 9.051726302071704922e+00 3.780472301526370149e+00 2.173221682563637736e-02 5.306363636363648981e-03
8.109090909090909918e+02 2.151981818181819328e+00 1.833145454545453967e+00 9.056582663373522024e+00 3.774826865243373852e+00 2.189967756018183775e-02 5.451818181818198286e-03
8.116363636363636260e+02 2.162399999999999878e+00 1.829672727272727339e+00 9.059845531123180251e+00 3.771040431507159063e+00 2.200852703763636273e-02 5.597272727272725040e-03
8.123636363636363740e+02 2.172763636363636675e+00 1.826400000000000023e+00 9.063184279518180730e+00 3.765728828198478872e+00 2.215086866200000407e-02 5.728181818181819762e-03
8.130909090909091219e+02 2.183081818181818790e+00 1.823227272727272696e+00 9.066371266622500258e+00 3.758725096964992130e+00 2.230158332309090802e-02 5.840000000000002307e-03
8.138181818181817562e+02 2.193336363636362751e+00 1.820245454545454944e+00 9.066371266622500258e+00 3.752411659811894840e+00 2.221785295581818823e-02 5.919999999999992976e-03
8.145454545454545041e+02 2.203918181818181221e+00 1.817481818181818420e+00 9.070013537598862641e+00 3.746735871270761908e+00 2.244811146581816158e-02 5.989090909090904850e-03
8.152727272727272521e+02 2.214554545454545220e+00 1.814927272727272944e+00 9.074414615028636888e+00 3.742092017641081902e+00 2.272651493699999470e-02 6.062727272727269981e-03
8.160000000000000000e+02 2.225100000000000300e+00 1.812599999999999989e+00 9.078056886005001047e+00 3.738813806301620080e+00 2.291072174500000114e-02 6.150000000000000085e-03
8.167272727272727479e+02 2.235500000000000043e+00 1.810418181818181926e+00 9.079270976330453990e+00 3.732257886004899383e+00 2.317865892027273431e-02 6.280909090909094807e-03
8.174545454545454959e+02 2.245763636363637072e+00 1.808327272727272783e+00 9.080485066655908710e+00 3.725815629681751950e+00 2.338379832009091636e-02 6.425454545454554502e-03
8.181818181818182438e+02 2.255872727272728362e+00 1.806509090909091064e+00 9.081547395690682478e+00 3.719365712029999216e+00 2.350102083427272476e-02 6.576363636363649276e-03
8.189090909090909918e+02 2.265763636363637534e+00 1.805345454545454587e+00 9.082154440853409838e+00 3.712688215239999145e+00 2.346752868736363268e-02 6.721818181818198581e-03
8.196363636363636260e+02 2.276227272727272322e+00 1.804054545454545355e+00 9.082761486016135422e+00 3.707604212002159283e+00 2.387362096863635680e-02 6.848181818181816628e-03
8.203636363636363740e+02 2.286700000000000177e+00 1.802818181818181653e+00 9.082761486016135422e+00 3.701685563530751732e+00 2.418342332754545854e-02 6.971818181818183191e-03
8.210909090909091219e+02 2.297036363636364431e+00 1.801690909090909010e+00 9.081850918272046158e+00 3.695030904198425059e+00 2.432367169272727642e-02 7.094545454545459276e-03
8.218181818181817562e+02 2.306927272727271827e+00 1.800818181818181873e+00 9.078815692458411135e+00 3.690660179026789223e+00 2.439065598654545017e-02 7.210909090909081200e-03
8.225454545454545041e+02 2.316763636363635914e+00 1.800000000000000044e+00 9.073959331156592256e+00 3.683330045889082083e+00 2.482186737799996906e-02 7.327272727272720471e-03
8.232727272727272521e+02 2.326799999999999535e+00 1.799172727272727368e+00 9.070999985988294156e+00 3.677380982361762474e+00 2.535564846936362235e-02 7.449090909090905210e-03
8.240000000000000000e+02 2.337200000000000166e+00 1.798300000000000010e+00 9.072214076313748876e+00 3.675377817055129892e+00 2.585803067300000008e-02 7.579999999999999932e-03
8.247272727272727479e+02 2.346945454545454890e+00 1.797790909090909217e+00 9.071607031151023293e+00 3.673071045436766546e+00 2.620969821554546691e-02 7.703636363636367362e-03
8.254545454545454959e+02 2.357054545454546179e+00 1.797509090909090945e+00 9.070620582761590001e+00 3.670157123992716208e+00 2.711607944127279735e-02 7.800000000000004846e-03
8.261818181818182438e+02 2.367327272727273613e+00 1.797309090909090967e+00 9.068951208564088873e+00 3.666545121544121155e+00 2.822132028927278741e-02 7.878181818181824100e-03
8.269090909090909918e+02 2.377436363636364458e+00 1.796945454545454623e+00 9.065915982750453850e+00 3.661931745768128632e+00 2.892465537436371761e-02 7.950909090909098753e-03
8.276363636363636260e+02 2.387481818181818038e+00 1.796772727272727410e+00 9.062880756936817050e+00 3.657955620884857595e+00 3.008222770190907211e-02 7.979090909090909636e-03
8.283636363636363740e+02 2.397190909090909372e+00 1.796627272727272739e+00 9.060149053704543931e+00 3.654191857145581146e+00 3.112048425609091964e-02 8.000909090909091512e-03
8.290909090909091219e+02 2.406609090909090920e+00 1.796499999999999986e+00 9.057644992408295792e+00 3.650997145914881781e+00 3.202477222263641621e-02 8.020909090909092432e-03
8.298181818181817562e+02 2.416281818181817087e+00 1.796499999999999986e+00 9.054609766594658993e+00 3.650936525128976040e+00 3.328072773172716797e-02 8.028181818181817989e-03
8.305454545454545041e+02 2.425845454545453972e+00 1.796499999999999986e+00 9.050663973036931154e+00 3.647779974013161564e+00 3.423525391863631306e-02 8.030000000000000679e-03
8.312727272727272521e+02 2.435399999999999565e+00 1.796499999999999986e+00 9.046642298833864615e+00 3.645458047198321339e+00 3.524629810345450420e-02 8.024545454545456077e-03
8.320000000000000000e+02 2.444999999999999840e+00 1.796499999999999986e+00 9.043000027857500456e+00 3.646247122179499645e+00 3.651899968599999630e-02 8.009999999999999759e-03
8.327272727272727479e+02 2.454818181818181788e+00 1.796499999999999986e+00 9.038143666555681577e+00 3.639509004603593834e+00 3.738979550563638343e-02 7.959090909090908716e-03
8.334545454545454959e+02 2.464681818181818418e+00 1.796590909090909127e+00 9.034804918160681098e+00 3.637399501730525397e+00 3.790473726436364987e-02 7.899090909090905957e-03
8.341818181818182438e+02 2.474536363636364200e+00 1.796699999999999964e+00 9.032528498800454386e+00 3.638203773773363459e+00 3.831082954563642257e-02 7.831818181818175906e-03
8.349090909090909918e+02 2.484281818181819368e+00 1.796699999999999964e+00 9.030707363312272307e+00 3.639417864098818178e+00 3.903091070418190228e-02 7.759090909090901253e-03
8.356363636363636260e+02 2.493390909090908991e+00 1.796827272727272717e+00 9.029948556858863995e+00 3.640791377043560040e+00 3.972168623418181194e-02 7.680000000000001062e-03
8.363636363636363740e+02 2.502590909090909310e+00 1.797009090909091000e+00 9.028127421370681915e+00 3.640032612455334160e+00 4.006498073999999882e-02 7.614545454545453701e-03
8.370909090909091219e+02 2.511954545454545773e+00 1.797236363636363521e+00 9.024105747167611824e+00 3.637088443416107264e+00 4.010265940527273781e-02 7.564545454545453136e-03
8.378181818181817562e+02 2.521190909090908150e+00 1.797527272727272862e+00 9.013178934238522899e+00 3.633931808569925703e+00 4.040408872745451796e-02 7.520909090909094590e-03
8.385454545454545041e+02 2.530481818181817832e+00 1.797981818181818126e+00 9.002252121309432198e+00 3.632004377380490645e+00 4.066783938436362156e-02 7.444545454545459760e-03
8.392727272727272521e+02 2.539709090909091138e+00 1.798490909090909140e+00 8.992691159996477168e+00 3.630076925258464371e+00 4.096298892899998684e-02 7.354545454545457356e-03
8.400000000000000000e+02 2.548800000000000399e+00 1.799000000000000155e+00 8.985406618043748850e+00 3.627466547328369817e+00 4.133140254499999972e-02 7.259999999999999960e-03
8.407272727272727479e+02 2.558181818181818556e+00 1.799363636363636498e+00 8.979943211579202611e+00 3.628377198802827941e+00 4.163283186718182149e-02 7.179999999999998016e-03
8.414545454545454959e+02 2.567336363636364194e+00 1.799818181818181984e+00 8.973341595434543905e+00 3.628642812460408873e+00 4.166213749572725972e-02 7.095454545454540213e-03
8.421818181818182438e+02 2.576227272727273476e+00 1.800327272727272776e+00 8.965601769609770955e+00 3.627049339840841213e+00 4.159933972027273635e-02 7.009999999999992799e-03
8.429090909090909918e+02 2.584736363636364498e+00 1.800836363636363568e+00 8.956496092168862333e+00 3.621039676460207968e+00 4.175005438136365071e-02 6.929999999999989987e-03
8.436363636363636260e+02 2.593563636363636515e+00 1.801472727272727337e+00 8.952170895384432114e+00 3.623103567215706367e+00 4.188611622818181474e-02 6.875454545454545707e-03
8.443636363636363740e+02 2.602436363636364103e+00 1.802309090909091083e+00 8.946707488919885876e+00 3.623194582124932062e+00 4.206194999945454815e-02 6.824545454545453797e-03
8.450909090909091219e+02 2.611290909090909551e+00 1.803318181818182042e+00 8.938512379223068294e+00 3.620030348747920179e+00 4.227964895436364667e-02 6.771818181818179197e-03
8.458181818181817562e+02 2.620018181818181358e+00 1.804263636363636403e+00 8.923943295317615210e+00 3.615963062427280050e+00 4.249734790927270356e-02 6.706363636363642244e-03
8.465454545454545041e+02 2.628581818181817908e+00 1.805263636363636293e+00 8.913016482388522732e+00 3.614991832032099950e+00 4.265224908872726484e-02 6.646363636363640352e-03
8.472727272727272521e+02 2.637172727272727002e+00 1.806227272727272792e+00 8.904897253337045626e+00 3.616145238773873505e+00 4.290553344972726502e-02 6.582727272727274814e-03
8.480000000000000000e+02 2.645899999999999697e+00 1.807099999999999929e+00 8.899433846872499387e+00 3.619119676340869951e+00 4.335767743300000115e-02 6.510000000000000162e-03
8.487272727272727479e+02 2.654772727272727728e+00 1.808118181818181736e+00 8.892756350082498429e+00 3.618877025736513264e+00 4.360886853481818481e-02 6.451818181818180092e-03
8.494545454545454959e+02 2.663236363636364068e+00 1.809000000000000163e+00 8.883802433932270759e+00 3.621214107747829924e+00 4.386005963663637541e-02 6.402727272727270005e-03
